{
 "cells": [
  {
   "cell_type": "code",
   "execution_count": 74,
   "metadata": {
    "collapsed": true
   },
   "outputs": [],
   "source": [
    "import pandas as pd"
   ]
  },
  {
   "cell_type": "code",
   "execution_count": 75,
   "metadata": {
    "collapsed": false
   },
   "outputs": [
    {
     "data": {
      "text/html": [
       "<script>requirejs.config({paths: { 'plotly': ['https://cdn.plot.ly/plotly-latest.min']},});if(!window.Plotly) {{require(['plotly'],function(plotly) {window.Plotly=plotly;});}}</script>"
      ],
      "text/plain": [
       "<IPython.core.display.HTML object>"
      ]
     },
     "metadata": {},
     "output_type": "display_data"
    }
   ],
   "source": [
    "import plotly.plotly as py\n",
    "import plotly.offline as of\n",
    "import plotly.graph_objs as go\n",
    "of.init_notebook_mode(connected=True)"
   ]
  },
  {
   "cell_type": "code",
   "execution_count": 76,
   "metadata": {
    "collapsed": true
   },
   "outputs": [],
   "source": [
    "import plotly.tools as tls\n",
    "tls.set_credentials_file(username='Nikita1988', api_key='TZXSpGC7ttUxdqqzYsep')"
   ]
  },
  {
   "cell_type": "code",
   "execution_count": 77,
   "metadata": {
    "collapsed": true
   },
   "outputs": [],
   "source": [
    "#input_file=r'C:\\Users\\User\\workspace_mars\\MFree\\phi.dat'\n",
    "input_file=r'..\\phi.dat'"
   ]
  },
  {
   "cell_type": "code",
   "execution_count": 78,
   "metadata": {
    "collapsed": false
   },
   "outputs": [],
   "source": [
    "#1x,'Node', 5x,'x', 7x,'y', 8x,'Phi', 6x,'dPhidx', &\n",
    "#        5x,'dPhidy', 4x, 'dPhidxx', 4x,'dPhidyy\n",
    "df=pd.read_fwf(input_file, widths=[5,8,8,12,12,11,11,10,10,10], skiprows=[1],na_values='-----', skipinitialspace =True)\n",
    "df=df.dropna()"
   ]
  },
  {
   "cell_type": "code",
   "execution_count": 79,
   "metadata": {
    "collapsed": false
   },
   "outputs": [
    {
     "data": {
      "text/html": [
       "<div>\n",
       "<table border=\"1\" class=\"dataframe\">\n",
       "  <thead>\n",
       "    <tr style=\"text-align: right;\">\n",
       "      <th></th>\n",
       "      <th>Node</th>\n",
       "      <th>x</th>\n",
       "      <th>y</th>\n",
       "      <th>Phi</th>\n",
       "      <th>dPhidx</th>\n",
       "      <th>dPhidy</th>\n",
       "      <th>dPhidxx</th>\n",
       "      <th>dPhidyy</th>\n",
       "      <th>GposX</th>\n",
       "      <th>GposY</th>\n",
       "    </tr>\n",
       "  </thead>\n",
       "  <tbody>\n",
       "    <tr>\n",
       "      <th>0</th>\n",
       "      <td>1.0</td>\n",
       "      <td>-1.000</td>\n",
       "      <td>-1.000</td>\n",
       "      <td>1.00000</td>\n",
       "      <td>-3.45848</td>\n",
       "      <td>-3.45848</td>\n",
       "      <td>6.54413</td>\n",
       "      <td>6.54413</td>\n",
       "      <td>-1.00000</td>\n",
       "      <td>-1.0</td>\n",
       "    </tr>\n",
       "    <tr>\n",
       "      <th>1</th>\n",
       "      <td>2.0</td>\n",
       "      <td>-1.000</td>\n",
       "      <td>-0.500</td>\n",
       "      <td>0.00000</td>\n",
       "      <td>0.72945</td>\n",
       "      <td>4.50343</td>\n",
       "      <td>-5.37588</td>\n",
       "      <td>-8.93851</td>\n",
       "      <td>-1.00000</td>\n",
       "      <td>-1.0</td>\n",
       "    </tr>\n",
       "    <tr>\n",
       "      <th>2</th>\n",
       "      <td>3.0</td>\n",
       "      <td>-1.000</td>\n",
       "      <td>0.000</td>\n",
       "      <td>0.00000</td>\n",
       "      <td>-0.71971</td>\n",
       "      <td>-1.70417</td>\n",
       "      <td>4.83019</td>\n",
       "      <td>5.39150</td>\n",
       "      <td>-1.00000</td>\n",
       "      <td>-1.0</td>\n",
       "    </tr>\n",
       "    <tr>\n",
       "      <th>3</th>\n",
       "      <td>4.0</td>\n",
       "      <td>-1.000</td>\n",
       "      <td>0.500</td>\n",
       "      <td>0.00000</td>\n",
       "      <td>0.41971</td>\n",
       "      <td>0.67474</td>\n",
       "      <td>-3.07470</td>\n",
       "      <td>-2.98590</td>\n",
       "      <td>-1.00000</td>\n",
       "      <td>-1.0</td>\n",
       "    </tr>\n",
       "    <tr>\n",
       "      <th>4</th>\n",
       "      <td>5.0</td>\n",
       "      <td>-1.000</td>\n",
       "      <td>1.000</td>\n",
       "      <td>0.00000</td>\n",
       "      <td>-0.46862</td>\n",
       "      <td>-0.22101</td>\n",
       "      <td>3.51286</td>\n",
       "      <td>1.43118</td>\n",
       "      <td>-1.00000</td>\n",
       "      <td>-1.0</td>\n",
       "    </tr>\n",
       "  </tbody>\n",
       "</table>\n",
       "</div>"
      ],
      "text/plain": [
       "   Node       x       y      Phi    dPhidx    dPhidy   dPhidxx   dPhidyy  \\\n",
       "0   1.0  -1.000  -1.000  1.00000  -3.45848  -3.45848   6.54413   6.54413   \n",
       "1   2.0  -1.000  -0.500  0.00000   0.72945   4.50343  -5.37588  -8.93851   \n",
       "2   3.0  -1.000   0.000  0.00000  -0.71971  -1.70417   4.83019   5.39150   \n",
       "3   4.0  -1.000   0.500  0.00000   0.41971   0.67474  -3.07470  -2.98590   \n",
       "4   5.0  -1.000   1.000  0.00000  -0.46862  -0.22101   3.51286   1.43118   \n",
       "\n",
       "      GposX  GposY  \n",
       "0  -1.00000   -1.0  \n",
       "1  -1.00000   -1.0  \n",
       "2  -1.00000   -1.0  \n",
       "3  -1.00000   -1.0  \n",
       "4  -1.00000   -1.0  "
      ]
     },
     "execution_count": 79,
     "metadata": {},
     "output_type": "execute_result"
    }
   ],
   "source": [
    "df.head(5)"
   ]
  },
  {
   "cell_type": "code",
   "execution_count": 80,
   "metadata": {
    "collapsed": false
   },
   "outputs": [],
   "source": [
    "df.x=pd.to_numeric(df.x)\n",
    "df.y=pd.to_numeric(df.y)\n",
    "df.Phi=pd.to_numeric(df.Phi)\n",
    "df.GposX=pd.to_numeric(df.GposX)"
   ]
  },
  {
   "cell_type": "code",
   "execution_count": 87,
   "metadata": {
    "collapsed": true
   },
   "outputs": [],
   "source": [
    "z1=df[(df.Node==13) ]\n",
    "z1.to_excel('output_RPIM.xlsx')"
   ]
  },
  {
   "cell_type": "code",
   "execution_count": 88,
   "metadata": {
    "collapsed": true
   },
   "outputs": [],
   "source": [
    "df[(df.GposX==0.2)& (df.GposY==0.4)].to_clipboard()"
   ]
  },
  {
   "cell_type": "code",
   "execution_count": 82,
   "metadata": {
    "collapsed": false
   },
   "outputs": [],
   "source": [
    "z2=z1.pivot(index='GposY', columns='GposX', values='Phi')"
   ]
  },
  {
   "cell_type": "code",
   "execution_count": 83,
   "metadata": {
    "collapsed": true
   },
   "outputs": [],
   "source": [
    "#go.Mesh3d(x=)"
   ]
  },
  {
   "cell_type": "code",
   "execution_count": 84,
   "metadata": {
    "collapsed": false,
    "scrolled": false
   },
   "outputs": [
    {
     "data": {
      "text/html": [
       "<div id=\"5e5b54c4-1212-4498-b644-20cdea9734d5\" style=\"height: 800px; width: 800px;\" class=\"plotly-graph-div\"></div><script type=\"text/javascript\">require([\"plotly\"], function(Plotly) { window.PLOTLYENV=window.PLOTLYENV || {};window.PLOTLYENV.BASE_URL=\"https://plot.ly\";Plotly.newPlot(\"5e5b54c4-1212-4498-b644-20cdea9734d5\", [{\"z\": [[0.0, -0.00315, -0.0054399999999999995, -0.0069299999999999995, -0.00772, -0.00792, -0.00765, -0.007, -0.00611, -0.0050799999999999994, -0.004, -0.00296, -0.00201, -0.00119, -0.0005200000000000001, 0.0, 0.00037, 0.00059, 0.00066, 0.00059, 0.00041, 0.00016999999999999999, -0.0001, -0.00033999999999999997, -0.0005099999999999999, -0.00058, -0.00053, -0.0004, -0.00022, -7e-05, 0.0, -7e-05, -0.00022, -0.0004, -0.00053, -0.00058, -0.0005099999999999999, -0.00033999999999999997, -0.0001, 0.00016999999999999999, 0.00041, 0.00059, 0.00066, 0.00059, 0.00037, -0.0, -0.0005200000000000001, -0.00119, -0.00201, -0.00296, -0.004, -0.0050799999999999994, -0.00611, -0.007, -0.00765, -0.00792, -0.00772, -0.0069299999999999995, -0.0054399999999999995, -0.00315], [-0.00315, -0.0069, -0.009729999999999999, -0.01174, -0.013019999999999999, -0.0137, -0.013909999999999999, -0.01376, -0.0134, -0.01294, -0.0125, -0.01218, -0.01205, -0.01217, -0.01256, -0.01323, -0.014169999999999999, -0.015380000000000001, -0.01685, -0.01852, -0.02037, -0.02229, -0.02422, -0.02607, -0.027739999999999997, -0.02918, -0.03032, -0.031160000000000004, -0.03171, -0.032, -0.032080000000000004, -0.032, -0.03171, -0.031160000000000004, -0.03032, -0.02918, -0.027739999999999997, -0.02607, -0.02422, -0.02229, -0.02037, -0.01852, -0.01685, -0.015380000000000001, -0.014169999999999999, -0.01323, -0.01256, -0.01217, -0.01205, -0.01218, -0.0125, -0.01294, -0.0134, -0.01376, -0.013909999999999999, -0.0137, -0.013019999999999999, -0.01174, -0.009729999999999999, -0.0069], [-0.0054399999999999995, -0.009729999999999999, -0.013059999999999999, -0.01553, -0.01725, -0.018340000000000002, -0.018930000000000002, -0.019190000000000002, -0.01925, -0.01925, -0.01934, -0.01964, -0.02022, -0.02118, -0.02254, -0.02433, -0.026539999999999998, -0.029160000000000002, -0.03216, -0.03547, -0.03902, -0.04269, -0.046360000000000005, -0.04989, -0.05317, -0.05608, -0.05851, -0.060410000000000005, -0.06176, -0.06256, -0.06282, -0.06256, -0.06176, -0.060410000000000005, -0.05851, -0.05608, -0.05317, -0.04989, -0.046360000000000005, -0.04269, -0.03902, -0.03547, -0.03216, -0.029160000000000002, -0.026539999999999998, -0.02433, -0.02254, -0.02118, -0.02022, -0.01964, -0.01934, -0.01925, -0.01925, -0.019190000000000002, -0.018930000000000002, -0.018340000000000002, -0.01725, -0.01553, -0.013059999999999999, -0.009729999999999999], [-0.0069299999999999995, -0.01174, -0.01553, -0.01842, -0.0205, -0.02191, -0.02281, -0.02337, -0.02374, -0.02409, -0.02459, -0.02536, -0.02653, -0.0282, -0.03042, -0.03323, -0.03662, -0.04059, -0.04508, -0.05, -0.05524, -0.060660000000000006, -0.0661, -0.07138, -0.07632, -0.08075, -0.08454, -0.08757000000000001, -0.08977, -0.09109, -0.09154, -0.09109, -0.08977, -0.08757000000000001, -0.08454, -0.08075, -0.07632, -0.07138, -0.0661, -0.060660000000000006, -0.05524, -0.05, -0.04508, -0.04059, -0.03662, -0.03323, -0.03042, -0.0282, -0.02653, -0.02536, -0.02459, -0.02409, -0.02374, -0.02337, -0.02281, -0.02191, -0.0205, -0.01842, -0.01553, -0.01174], [-0.00772, -0.013019999999999999, -0.01725, -0.0205, -0.02288, -0.02456, -0.02568, -0.026430000000000002, -0.027, -0.027569999999999997, -0.02833, -0.02943, -0.031039999999999998, -0.03327, -0.0362, -0.039889999999999995, -0.04434, -0.049530000000000005, -0.05541, -0.061860000000000005, -0.06873, -0.07586, -0.08304, -0.09004, -0.09664, -0.10262, -0.10778, -0.11195, -0.11502000000000001, -0.11689000000000001, -0.11752, -0.11689000000000001, -0.11502000000000001, -0.11195, -0.10778, -0.10262, -0.09664, -0.09004, -0.08304, -0.07586, -0.06873, -0.061860000000000005, -0.05541, -0.049530000000000005, -0.04434, -0.039889999999999995, -0.0362, -0.03327, -0.031039999999999998, -0.02943, -0.02833, -0.027569999999999997, -0.027, -0.026430000000000002, -0.02568, -0.02456, -0.02288, -0.0205, -0.01725, -0.013019999999999999], [-0.00792, -0.0137, -0.018340000000000002, -0.02191, -0.02456, -0.02642, -0.02768, -0.02854, -0.02918, -0.02984, -0.03071, -0.03199, -0.03386, -0.036469999999999995, -0.03993, -0.04431, -0.04964, -0.055889999999999995, -0.06299, -0.07082000000000001, -0.0792, -0.08792, -0.09673999999999999, -0.10538, -0.11358, -0.12105999999999999, -0.12755999999999998, -0.13285999999999998, -0.13677999999999998, -0.13918, -0.13999, -0.13918, -0.13677999999999998, -0.13285999999999998, -0.12755999999999998, -0.12105999999999999, -0.11358, -0.10538, -0.09673999999999999, -0.08792, -0.0792, -0.07082000000000001, -0.06299, -0.055889999999999995, -0.04964, -0.04431, -0.03993, -0.036469999999999995, -0.03386, -0.03199, -0.03071, -0.02984, -0.02918, -0.02854, -0.02768, -0.02642, -0.02456, -0.02191, -0.018340000000000002, -0.0137], [-0.00765, -0.013909999999999999, -0.018930000000000002, -0.02281, -0.02568, -0.02768, -0.02901, -0.029869999999999997, -0.03048, -0.03108, -0.03191, -0.03318, -0.03512, -0.0379, -0.04167, -0.04653, -0.0525, -0.059579999999999994, -0.06769, -0.07668, -0.08635, -0.09648, -0.10676, -0.1169, -0.12655999999999998, -0.13543, -0.14318, -0.14954, -0.15425999999999998, -0.15716, -0.15815, -0.15716, -0.15425999999999998, -0.14954, -0.14318, -0.13543, -0.12655999999999998, -0.1169, -0.10676, -0.09648, -0.08635, -0.07668, -0.06769, -0.059579999999999994, -0.0525, -0.04653, -0.04167, -0.0379, -0.03512, -0.03318, -0.03191, -0.03108, -0.03048, -0.029869999999999997, -0.02901, -0.02768, -0.02568, -0.02281, -0.018930000000000002, -0.013909999999999999], [-0.007, -0.01376, -0.019190000000000002, -0.02337, -0.026430000000000002, -0.02854, -0.029869999999999997, -0.03065, -0.03112, -0.03154, -0.03216, -0.03324, -0.03503, -0.03775, -0.04158, -0.04663, -0.05297, -0.06059, -0.06941, -0.07926, -0.08995, -0.1012, -0.1127, -0.12409, -0.13501, -0.14508, -0.15392999999999998, -0.16122999999999998, -0.16667, -0.17003, -0.17117000000000002, -0.17003, -0.16667, -0.16122999999999998, -0.15392999999999998, -0.14508, -0.13501, -0.12409, -0.1127, -0.1012, -0.08995, -0.07926, -0.06941, -0.06059, -0.05297, -0.04663, -0.04158, -0.03775, -0.03503, -0.03324, -0.03216, -0.03154, -0.03112, -0.03065, -0.029869999999999997, -0.02854, -0.026430000000000002, -0.02337, -0.019190000000000002, -0.01376], [-0.00611, -0.0134, -0.01925, -0.02374, -0.027, -0.02918, -0.03048, -0.03112, -0.03136, -0.03146, -0.03171, -0.0324, -0.033819999999999996, -0.03622, -0.039810000000000005, -0.04475, -0.05112, -0.058929999999999996, -0.06809, -0.07845, -0.08978, -0.10178999999999999, -0.11415, -0.12647, -0.13835, -0.14937, -0.15911, -0.16718, -0.17323, -0.17697000000000002, -0.17824, -0.17697000000000002, -0.17323, -0.16718, -0.15911, -0.14937, -0.13835, -0.12647, -0.11415, -0.10178999999999999, -0.08978, -0.07845, -0.06809, -0.058929999999999996, -0.05112, -0.04475, -0.039810000000000005, -0.03622, -0.033819999999999996, -0.0324, -0.03171, -0.03146, -0.03136, -0.03112, -0.03048, -0.02918, -0.027, -0.02374, -0.01925, -0.0134], [-0.0050799999999999994, -0.01294, -0.01925, -0.02409, -0.027569999999999997, -0.02984, -0.03108, -0.03154, -0.03146, -0.03113, -0.030860000000000002, -0.030969999999999998, -0.03178, -0.033569999999999996, -0.036610000000000004, -0.041089999999999995, -0.0471, -0.054689999999999996, -0.06377000000000001, -0.07418, -0.08569, -0.09801, -0.11077999999999999, -0.1236, -0.13606, -0.14769000000000002, -0.15803, -0.16665, -0.17315, -0.17718, -0.17855, -0.17718, -0.17315, -0.16665, -0.15803, -0.14769000000000002, -0.13606, -0.1236, -0.11077999999999999, -0.09801, -0.08569, -0.07418, -0.06377000000000001, -0.054689999999999996, -0.0471, -0.041089999999999995, -0.036610000000000004, -0.033569999999999996, -0.03178, -0.030969999999999998, -0.030860000000000002, -0.03113, -0.03146, -0.03154, -0.03108, -0.02984, -0.027569999999999997, -0.02409, -0.01925, -0.01294], [-0.004, -0.0125, -0.01934, -0.02459, -0.02833, -0.03071, -0.03191, -0.03216, -0.03171, -0.030860000000000002, -0.029939999999999998, -0.02928, -0.029230000000000003, -0.03013, -0.03227, -0.03589, -0.04112, -0.04802, -0.056510000000000005, -0.06645, -0.0776, -0.08967, -0.1023, -0.11510999999999999, -0.12766, -0.13947, -0.15006, -0.15894, -0.16568, -0.16989, -0.17132, -0.16989, -0.16568, -0.15894, -0.15006, -0.13947, -0.12766, -0.11510999999999999, -0.1023, -0.08967, -0.0776, -0.06645, -0.056510000000000005, -0.04802, -0.04112, -0.03589, -0.03227, -0.03013, -0.029230000000000003, -0.02928, -0.029939999999999998, -0.030860000000000002, -0.03171, -0.03216, -0.03191, -0.03071, -0.02833, -0.02459, -0.01934, -0.0125], [-0.00296, -0.01218, -0.01964, -0.02536, -0.02943, -0.03199, -0.03318, -0.03324, -0.0324, -0.030969999999999998, -0.02928, -0.02768, -0.026539999999999998, -0.02625, -0.02713, -0.029480000000000003, -0.033460000000000004, -0.03915, -0.04649, -0.05535, -0.0655, -0.07667, -0.08853, -0.1007, -0.11275, -0.12420999999999999, -0.1346, -0.1434, -0.15012999999999999, -0.15436, -0.15581, -0.15436, -0.15012999999999999, -0.1434, -0.1346, -0.12420999999999999, -0.11275, -0.1007, -0.08853, -0.07667, -0.0655, -0.05535, -0.04649, -0.03915, -0.033460000000000004, -0.029480000000000003, -0.02713, -0.02625, -0.026539999999999998, -0.02768, -0.02928, -0.030969999999999998, -0.0324, -0.03324, -0.03318, -0.03199, -0.02943, -0.02536, -0.01964, -0.01218], [-0.00201, -0.01205, -0.02022, -0.02653, -0.031039999999999998, -0.03386, -0.03512, -0.03503, -0.033819999999999996, -0.03178, -0.029230000000000003, -0.026539999999999998, -0.02411, -0.022330000000000003, -0.0216, -0.02224, -0.02447, -0.02839, -0.033960000000000004, -0.04105, -0.04949, -0.05902, -0.06936, -0.08016000000000001, -0.09103, -0.10153, -0.11119000000000001, -0.11947999999999999, -0.12589, -0.12996, -0.13136, -0.12996, -0.12589, -0.11947999999999999, -0.11119000000000001, -0.10153, -0.09103, -0.08016000000000001, -0.06936, -0.05902, -0.04949, -0.04105, -0.033960000000000004, -0.02839, -0.02447, -0.02224, -0.0216, -0.022330000000000003, -0.02411, -0.026539999999999998, -0.029230000000000003, -0.03178, -0.033819999999999996, -0.03503, -0.03512, -0.03386, -0.031039999999999998, -0.02653, -0.02022, -0.01205], [-0.00119, -0.01217, -0.02118, -0.0282, -0.03327, -0.036469999999999995, -0.0379, -0.03775, -0.03622, -0.033569999999999996, -0.03013, -0.02625, -0.022330000000000003, -0.01881, -0.01611, -0.01461, -0.01457, -0.01611, -0.01923, -0.023819999999999997, -0.02976, -0.03683, -0.04482, -0.05343, -0.06235, -0.07118, -0.07947, -0.08674, -0.09247000000000001, -0.09616, -0.09744, -0.09616, -0.09247000000000001, -0.08674, -0.07947, -0.07118, -0.06235, -0.05343, -0.04482, -0.03683, -0.02976, -0.023819999999999997, -0.01923, -0.01611, -0.01457, -0.01461, -0.01611, -0.01881, -0.022330000000000003, -0.02625, -0.03013, -0.033569999999999996, -0.03622, -0.03775, -0.0379, -0.036469999999999995, -0.03327, -0.0282, -0.02118, -0.01217], [-0.0005200000000000001, -0.01256, -0.02254, -0.03042, -0.0362, -0.03993, -0.04167, -0.04158, -0.039810000000000005, -0.036610000000000004, -0.03227, -0.02713, -0.0216, -0.01611, -0.01112, -0.00704, -0.00421, -0.00275, -0.0027, -0.004, -0.00658, -0.01031, -0.015059999999999999, -0.02061, -0.026719999999999997, -0.033089999999999994, -0.03932, -0.04498, -0.049569999999999996, -0.05262000000000001, -0.053689999999999995, -0.05262000000000001, -0.049569999999999996, -0.04498, -0.03932, -0.033089999999999994, -0.026719999999999997, -0.02061, -0.015059999999999999, -0.01031, -0.00658, -0.004, -0.0027, -0.00275, -0.00421, -0.00704, -0.01112, -0.01611, -0.0216, -0.02713, -0.03227, -0.036610000000000004, -0.039810000000000005, -0.04158, -0.04167, -0.03993, -0.0362, -0.03042, -0.02254, -0.01256], [0.0, -0.01323, -0.02433, -0.03323, -0.039889999999999995, -0.04431, -0.04653, -0.04663, -0.04475, -0.041089999999999995, -0.03589, -0.029480000000000003, -0.02224, -0.01461, -0.00704, 0.0, 0.0061600000000000005, 0.01126, 0.01523, 0.01803, 0.01968, 0.02019, 0.01961, 0.01804, 0.015619999999999998, 0.01256, 0.00915, 0.00575, 0.0028, 0.00075, 0.0, 0.00075, 0.0028, 0.00575, 0.00915, 0.01256, 0.015619999999999998, 0.01804, 0.01961, 0.02019, 0.01968, 0.01803, 0.01523, 0.01126, 0.0061600000000000005, -0.0, -0.00704, -0.01461, -0.02224, -0.029480000000000003, -0.03589, -0.041089999999999995, -0.04475, -0.04663, -0.04653, -0.04431, -0.039889999999999995, -0.03323, -0.02433, -0.01323], [0.00037, -0.014169999999999999, -0.026539999999999998, -0.03662, -0.04434, -0.04964, -0.0525, -0.05297, -0.05112, -0.0471, -0.04112, -0.033460000000000004, -0.02447, -0.01457, -0.00421, 0.0061600000000000005, 0.01615, 0.025519999999999998, 0.03413, 0.041839999999999995, 0.04857, 0.054220000000000004, 0.05872, 0.06205, 0.06421, 0.06529, 0.06548, 0.06502000000000001, 0.06425, 0.06355, 0.06327, 0.06355, 0.06425, 0.06502000000000001, 0.06548, 0.06529, 0.06421, 0.06205, 0.05872, 0.054220000000000004, 0.04857, 0.041839999999999995, 0.03413, 0.025519999999999998, 0.01615, 0.0061600000000000005, -0.00421, -0.01457, -0.02447, -0.033460000000000004, -0.04112, -0.0471, -0.05112, -0.05297, -0.0525, -0.04964, -0.04434, -0.03662, -0.026539999999999998, -0.014169999999999999], [0.00059, -0.015380000000000001, -0.029160000000000002, -0.04059, -0.049530000000000005, -0.055889999999999995, -0.059579999999999994, -0.06059, -0.058929999999999996, -0.054689999999999996, -0.04802, -0.03915, -0.02839, -0.01611, -0.00275, 0.01126, 0.025519999999999998, 0.03973, 0.05363, 0.06699, 0.0796, 0.09122999999999999, 0.10167000000000001, 0.11075, 0.11832999999999999, 0.12435, 0.12885, 0.13196, 0.13387000000000002, 0.13485999999999998, 0.13515, 0.13485999999999998, 0.13387000000000002, 0.13196, 0.12885, 0.12435, 0.11832999999999999, 0.11075, 0.10167000000000001, 0.09122999999999999, 0.0796, 0.06699, 0.05363, 0.03973, 0.025519999999999998, 0.01126, -0.00275, -0.01611, -0.02839, -0.03915, -0.04802, -0.054689999999999996, -0.058929999999999996, -0.06059, -0.059579999999999994, -0.055889999999999995, -0.049530000000000005, -0.04059, -0.029160000000000002, -0.015380000000000001], [0.00066, -0.01685, -0.03216, -0.04508, -0.05541, -0.06299, -0.06769, -0.06941, -0.06809, -0.06377000000000001, -0.056510000000000005, -0.04649, -0.033960000000000004, -0.01923, -0.0027, 0.01523, 0.03413, 0.05363, 0.07337, 0.09302, 0.1122, 0.13054000000000002, 0.14768, 0.16328, 0.17702, 0.18869, 0.19814, 0.20534000000000002, 0.21034, 0.21325999999999998, 0.21422, 0.21325999999999998, 0.21034, 0.20534000000000002, 0.19814, 0.18869, 0.17702, 0.16328, 0.14768, 0.13054000000000002, 0.1122, 0.09302, 0.07337, 0.05363, 0.03413, 0.01523, -0.0027, -0.01923, -0.033960000000000004, -0.04649, -0.056510000000000005, -0.06377000000000001, -0.06809, -0.06941, -0.06769, -0.06299, -0.05541, -0.04508, -0.03216, -0.01685], [0.00059, -0.01852, -0.03547, -0.05, -0.061860000000000005, -0.07082000000000001, -0.07668, -0.07926, -0.07845, -0.07418, -0.06645, -0.05535, -0.04105, -0.023819999999999997, -0.004, 0.01803, 0.041839999999999995, 0.06699, 0.09302, 0.11944, 0.14575, 0.17140999999999998, 0.19587000000000002, 0.21861, 0.23913, 0.25701999999999997, 0.27193, 0.28365, 0.29205, 0.29709, 0.29875999999999997, 0.29709, 0.29205, 0.28365, 0.27193, 0.25701999999999997, 0.23913, 0.21861, 0.19587000000000002, 0.17140999999999998, 0.14575, 0.11944, 0.09302, 0.06699, 0.041839999999999995, 0.01803, -0.004, -0.023819999999999997, -0.04105, -0.05535, -0.06645, -0.07418, -0.07845, -0.07926, -0.07668, -0.07082000000000001, -0.061860000000000005, -0.05, -0.03547, -0.01852], [0.00041, -0.02037, -0.03902, -0.05524, -0.06873, -0.0792, -0.08635, -0.08995, -0.08978, -0.08569, -0.0776, -0.0655, -0.04949, -0.02976, -0.00658, 0.01968, 0.04857, 0.0796, 0.1122, 0.14575, 0.17959, 0.213, 0.24524, 0.27558, 0.30333000000000004, 0.32786, 0.34861, 0.36516, 0.37718, 0.38445999999999997, 0.3869, 0.38445999999999997, 0.37718, 0.36516, 0.34861, 0.32786, 0.30333000000000004, 0.27558, 0.24524, 0.213, 0.17959, 0.14575, 0.1122, 0.0796, 0.04857, 0.01968, -0.00658, -0.02976, -0.04949, -0.0655, -0.0776, -0.08569, -0.08978, -0.08995, -0.08635, -0.0792, -0.06873, -0.05524, -0.03902, -0.02037], [0.00016999999999999999, -0.02229, -0.04269, -0.060660000000000006, -0.07586, -0.08792, -0.09648, -0.1012, -0.10178999999999999, -0.09801, -0.08967, -0.07667, -0.05902, -0.03683, -0.01031, 0.02019, 0.054220000000000004, 0.09122999999999999, 0.13054000000000002, 0.17140999999999998, 0.213, 0.2544, 0.29469, 0.33293, 0.36819, 0.39960999999999997, 0.42644, 0.448, 0.46376999999999996, 0.47338, 0.47661000000000003, 0.47338, 0.46376999999999996, 0.448, 0.42644, 0.39960999999999997, 0.36819, 0.33293, 0.29469, 0.2544, 0.213, 0.17140999999999998, 0.13054000000000002, 0.09122999999999999, 0.054220000000000004, 0.02019, -0.01031, -0.03683, -0.05902, -0.07667, -0.08967, -0.09801, -0.10178999999999999, -0.1012, -0.09648, -0.08792, -0.07586, -0.060660000000000006, -0.04269, -0.02229], [-0.0001, -0.02422, -0.046360000000000005, -0.0661, -0.08304, -0.09673999999999999, -0.10676, -0.1127, -0.11415, -0.11077999999999999, -0.1023, -0.08853, -0.06936, -0.04482, -0.015059999999999999, 0.01961, 0.05872, 0.10167000000000001, 0.14768, 0.19587000000000002, 0.24524, 0.29469, 0.3431, 0.3893, 0.43216000000000004, 0.47058, 0.50355, 0.5301899999999999, 0.54977, 0.56174, 0.56577, 0.56174, 0.54977, 0.5301899999999999, 0.50355, 0.47058, 0.43216000000000004, 0.3893, 0.3431, 0.29469, 0.24524, 0.19587000000000002, 0.14768, 0.10167000000000001, 0.05872, 0.01961, -0.015059999999999999, -0.04482, -0.06936, -0.08853, -0.10231, -0.11077999999999999, -0.11415, -0.1127, -0.10676, -0.09673999999999999, -0.08304, -0.0661, -0.046360000000000005, -0.02422], [-0.00033999999999999997, -0.02607, -0.04989, -0.07138, -0.09004, -0.10538, -0.1169, -0.12409, -0.12647, -0.1236, -0.11510999999999999, -0.1007, -0.08016000000000001, -0.05343, -0.02061, 0.01804, 0.06205, 0.11075, 0.16328, 0.21861, 0.27558, 0.33293, 0.3893, 0.44333999999999996, 0.49368, 0.539, 0.57805, 0.6097199999999999, 0.63307, 0.6473800000000001, 0.6522100000000001, 0.6473800000000001, 0.63307, 0.6097199999999999, 0.57805, 0.539, 0.49368, 0.44333999999999996, 0.3893, 0.33293, 0.27558, 0.21861, 0.16328, 0.11075, 0.06205, 0.01804, -0.02061, -0.05343, -0.08016000000000001, -0.1007, -0.11510999999999999, -0.1236, -0.12647, -0.12409, -0.1169, -0.10538, -0.09004, -0.07138, -0.04989, -0.02607], [-0.0005099999999999999, -0.027739999999999997, -0.05317, -0.07632, -0.09664, -0.11358, -0.12655999999999998, -0.13501, -0.13835, -0.13606, -0.12766, -0.11275, -0.09103, -0.06235, -0.026719999999999997, 0.015619999999999998, 0.06421, 0.11832999999999999, 0.17702, 0.23913, 0.30333000000000004, 0.36819, 0.43216000000000004, 0.49368, 0.55118, 0.60311, 0.648, 0.68453, 0.7115199999999999, 0.72811, 0.7337, 0.72811, 0.7115199999999999, 0.68453, 0.648, 0.60311, 0.55118, 0.49368, 0.43216000000000004, 0.36819, 0.30333000000000004, 0.23913, 0.17702, 0.11832000000000001, 0.06421, 0.015619999999999998, -0.026719999999999997, -0.06235, -0.09103, -0.11275, -0.12766, -0.13606, -0.13835, -0.13501, -0.12655999999999998, -0.11358, -0.09664, -0.07632, -0.05317, -0.027739999999999997], [-0.00058, -0.02918, -0.05608, -0.08075, -0.10262, -0.12105999999999999, -0.13543, -0.14508, -0.14937, -0.14769000000000002, -0.13947, -0.12420999999999999, -0.10153, -0.07118, -0.033089999999999994, 0.01256, 0.06529, 0.12435, 0.18869, 0.25701999999999997, 0.32786, 0.39960999999999997, 0.47058, 0.539, 0.60311, 0.66117, 0.7115, 0.75256, 0.78298, 0.80171, 0.80803, 0.80171, 0.78298, 0.75256, 0.7115, 0.66117, 0.60311, 0.539, 0.47058, 0.39960999999999997, 0.32786, 0.25701999999999997, 0.18869, 0.12435, 0.06529, 0.01256, -0.033089999999999994, -0.07118, -0.10153999999999999, -0.12420999999999999, -0.13947, -0.14769000000000002, -0.14937, -0.14508, -0.13543, -0.12105999999999999, -0.10262, -0.08075, -0.05608, -0.02918], [-0.00053, -0.03032, -0.05851, -0.08454, -0.10778, -0.12755999999999998, -0.14318, -0.15392999999999998, -0.15911, -0.15803, -0.15006, -0.1346, -0.11119000000000001, -0.07947, -0.03932, 0.00915, 0.06548, 0.12885, 0.19814, 0.27193, 0.34861, 0.42644, 0.50355, 0.57805, 0.648, 0.7115, 0.76669, 0.81182, 0.84534, 0.8660100000000001, 0.873, 0.8660100000000001, 0.84534, 0.81182, 0.76669, 0.7115, 0.648, 0.57805, 0.50355, 0.42644, 0.34861, 0.27193, 0.19814, 0.12885, 0.06548, 0.00915, -0.03932, -0.07947, -0.11119000000000001, -0.1346, -0.15006, -0.15803, -0.15911, -0.15392999999999998, -0.14318, -0.12755999999999998, -0.10778, -0.08454, -0.05851, -0.03032], [-0.0004, -0.031160000000000004, -0.060410000000000005, -0.08757000000000001, -0.11195, -0.13285999999999998, -0.14954, -0.16122999999999998, -0.16718, -0.16665, -0.15894, -0.1434, -0.11947999999999999, -0.08674, -0.04498, 0.00575, 0.06502000000000001, 0.13196, 0.20534000000000002, 0.28365, 0.36516, 0.448, 0.5301899999999999, 0.6097199999999999, 0.68453, 0.75256, 0.81182, 0.8604, 0.8965799999999999, 0.91894, 0.9265, 0.91894, 0.8965799999999999, 0.8604, 0.81182, 0.75256, 0.68453, 0.6097199999999999, 0.5301899999999999, 0.448, 0.36516, 0.28365, 0.20534000000000002, 0.13196, 0.06502000000000001, 0.00575, -0.04498, -0.08674, -0.11947999999999999, -0.1434, -0.15894, -0.16665, -0.16718, -0.16122999999999998, -0.14954, -0.13285999999999998, -0.11195, -0.08757000000000001, -0.060410000000000005, -0.031160000000000004], [-0.00022, -0.03171, -0.06176, -0.08977, -0.11502000000000001, -0.13677999999999998, -0.15425999999999998, -0.16667, -0.17323, -0.17315, -0.16568, -0.15012999999999999, -0.12589, -0.09247000000000001, -0.049569999999999996, 0.0028, 0.06425, 0.13387000000000002, 0.21034, 0.29205, 0.37718, 0.46376999999999996, 0.54977, 0.63307, 0.7115199999999999, 0.78298, 0.84534, 0.8965799999999999, 0.93484, 0.95854, 0.9665799999999999, 0.95854, 0.9348299999999999, 0.8965799999999999, 0.84534, 0.78298, 0.7115199999999999, 0.63307, 0.54977, 0.46376999999999996, 0.37718, 0.29205, 0.21034, 0.13387000000000002, 0.06425, 0.0028, -0.049569999999999996, -0.09247000000000001, -0.12589, -0.15012999999999999, -0.16568, -0.17315, -0.17323, -0.16667, -0.15425999999999998, -0.13677999999999998, -0.11502000000000001, -0.08977, -0.06176, -0.03171], [-7e-05, -0.032, -0.06256, -0.09109, -0.11689000000000001, -0.13918, -0.15716, -0.17003, -0.17697000000000002, -0.17718, -0.16989, -0.15436, -0.12996, -0.09616, -0.05262000000000001, 0.00075, 0.06355, 0.13485999999999998, 0.21325999999999998, 0.29709, 0.38445999999999997, 0.47338, 0.56174, 0.6473800000000001, 0.72811, 0.80171, 0.8660100000000001, 0.91894, 0.95854, 0.98314, 0.99151, 0.98314, 0.95854, 0.91894, 0.8660100000000001, 0.8017, 0.72811, 0.6473800000000001, 0.56174, 0.47338, 0.38445999999999997, 0.29709, 0.21325999999999998, 0.13485999999999998, 0.06355, 0.00075, -0.05262000000000001, -0.09616, -0.12996, -0.15436, -0.16989, -0.17718, -0.17697000000000002, -0.17003, -0.15716, -0.13918, -0.11689000000000001, -0.09109, -0.06256, -0.032], [0.0, -0.032080000000000004, -0.06282, -0.09154, -0.11752, -0.13999, -0.15815, -0.17117000000000002, -0.17824, -0.17855, -0.17132, -0.15581, -0.13136, -0.09744, -0.053689999999999995, 0.0, 0.06327, 0.13515, 0.21422, 0.29875999999999997, 0.3869, 0.47661000000000003, 0.56577, 0.6522100000000001, 0.7337, 0.80803, 0.873, 0.9265, 0.9665799999999999, 0.99151, 1.0, 0.99151, 0.9665799999999999, 0.9265, 0.873, 0.80803, 0.7337, 0.6522100000000001, 0.56577, 0.47661000000000003, 0.3869, 0.29875999999999997, 0.21422, 0.13515, 0.06327, -0.0, -0.053689999999999995, -0.09744, -0.13136, -0.15581, -0.17132, -0.17855, -0.17824, -0.17117000000000002, -0.15815, -0.13999, -0.11752, -0.09154, -0.06282, -0.032080000000000004], [-7e-05, -0.032, -0.06256, -0.09109, -0.11689000000000001, -0.13918, -0.15716, -0.17003, -0.17697000000000002, -0.17718, -0.16989, -0.15436, -0.12996, -0.09616, -0.05262000000000001, 0.00075, 0.06355, 0.13485999999999998, 0.21325999999999998, 0.29709, 0.38445999999999997, 0.47338, 0.56174, 0.6473800000000001, 0.72811, 0.80171, 0.8660100000000001, 0.91894, 0.95854, 0.98314, 0.99151, 0.98314, 0.95854, 0.91894, 0.8660100000000001, 0.8017, 0.72811, 0.6473800000000001, 0.56174, 0.47338, 0.38445999999999997, 0.29709, 0.21325999999999998, 0.13485999999999998, 0.06355, 0.00075, -0.05262000000000001, -0.09616, -0.12996, -0.15436, -0.16989, -0.17718, -0.17697000000000002, -0.17003, -0.15716, -0.13918, -0.11689000000000001, -0.09109, -0.06256, -0.032], [-0.00022, -0.03171, -0.06176, -0.08977, -0.11502000000000001, -0.13677999999999998, -0.15425999999999998, -0.16667, -0.17323, -0.17315, -0.16568, -0.15012999999999999, -0.12589, -0.09247000000000001, -0.049569999999999996, 0.0028, 0.06425, 0.13387000000000002, 0.21034, 0.29205, 0.37718, 0.46376999999999996, 0.54977, 0.63307, 0.7115199999999999, 0.78298, 0.84534, 0.8965799999999999, 0.9348299999999999, 0.95854, 0.9665799999999999, 0.95854, 0.9348299999999999, 0.8965799999999999, 0.84534, 0.78298, 0.7115199999999999, 0.63307, 0.54977, 0.46376999999999996, 0.37718, 0.29205, 0.21034, 0.13387000000000002, 0.06425, 0.0028, -0.049569999999999996, -0.09247000000000001, -0.12589, -0.15012999999999999, -0.16568, -0.17315, -0.17323, -0.16667, -0.15425999999999998, -0.13677999999999998, -0.11502000000000001, -0.08977, -0.06176, -0.03171], [-0.0004, -0.031160000000000004, -0.060410000000000005, -0.08757000000000001, -0.11195, -0.13285999999999998, -0.14954, -0.16122999999999998, -0.16718, -0.16665, -0.15894, -0.1434, -0.11947999999999999, -0.08674, -0.04498, 0.00575, 0.06502000000000001, 0.13196, 0.20534000000000002, 0.28365, 0.36516, 0.448, 0.5301899999999999, 0.6097199999999999, 0.68453, 0.75256, 0.81182, 0.8604, 0.8965799999999999, 0.91894, 0.9265, 0.91894, 0.8965799999999999, 0.8604, 0.81182, 0.75256, 0.68453, 0.6097199999999999, 0.5301899999999999, 0.448, 0.36516, 0.28365, 0.20534000000000002, 0.13196, 0.06502000000000001, 0.00575, -0.04498, -0.08674, -0.11947999999999999, -0.1434, -0.15894, -0.16665, -0.16718, -0.16122999999999998, -0.14954, -0.13285999999999998, -0.11195, -0.08757000000000001, -0.060410000000000005, -0.031160000000000004], [-0.00053, -0.03032, -0.05851, -0.08454, -0.10778, -0.12755999999999998, -0.14318, -0.15392999999999998, -0.15911, -0.15803, -0.15006, -0.1346, -0.11119000000000001, -0.07947, -0.03932, 0.00915, 0.06548, 0.12885, 0.19814, 0.27193, 0.34861, 0.42644, 0.50355, 0.57805, 0.648, 0.7115, 0.76669, 0.81182, 0.84534, 0.8660100000000001, 0.873, 0.8660100000000001, 0.84534, 0.81182, 0.76669, 0.7115, 0.648, 0.57805, 0.50355, 0.42644, 0.34861, 0.27193, 0.19814, 0.12885, 0.06548, 0.00915, -0.03932, -0.07947, -0.11119000000000001, -0.1346, -0.15006, -0.15803, -0.15911, -0.15392999999999998, -0.14318, -0.12755999999999998, -0.10778, -0.08454, -0.05851, -0.03032], [-0.00058, -0.02918, -0.05608, -0.08075, -0.10262, -0.12105999999999999, -0.13543, -0.14508, -0.14937, -0.14769000000000002, -0.13947, -0.12420999999999999, -0.10153, -0.07118, -0.033089999999999994, 0.01256, 0.06529, 0.12435, 0.18869, 0.25701999999999997, 0.32786, 0.39960999999999997, 0.47058, 0.539, 0.60311, 0.66117, 0.7115, 0.75256, 0.78298, 0.8017, 0.80803, 0.8017, 0.78298, 0.75256, 0.7115, 0.66117, 0.60311, 0.539, 0.47058, 0.39960999999999997, 0.32786, 0.25701999999999997, 0.18869, 0.12435, 0.06529, 0.01256, -0.033089999999999994, -0.07118, -0.10153999999999999, -0.12420999999999999, -0.13947, -0.14769000000000002, -0.14937, -0.14508, -0.13543, -0.12105999999999999, -0.10262, -0.08075, -0.05608, -0.02918], [-0.0005099999999999999, -0.027739999999999997, -0.05317, -0.07632, -0.09664, -0.11358, -0.12655999999999998, -0.13501, -0.13835, -0.13606, -0.12766, -0.11275, -0.09103, -0.06235, -0.026719999999999997, 0.015619999999999998, 0.06421, 0.11832999999999999, 0.17702, 0.23913, 0.30333000000000004, 0.36819, 0.43216000000000004, 0.49368, 0.55118, 0.60311, 0.648, 0.68453, 0.7115199999999999, 0.72811, 0.7337, 0.72811, 0.7115199999999999, 0.68453, 0.648, 0.60311, 0.55118, 0.49368, 0.43216000000000004, 0.36819, 0.30333000000000004, 0.23913, 0.17702, 0.11832000000000001, 0.06421, 0.015619999999999998, -0.026719999999999997, -0.06235, -0.09103, -0.11275, -0.12766, -0.13606, -0.13835, -0.13501, -0.12655999999999998, -0.11358, -0.09664, -0.07632, -0.05317, -0.027739999999999997], [-0.00033999999999999997, -0.02607, -0.04989, -0.07138, -0.09004, -0.10538, -0.1169, -0.12409, -0.12647, -0.1236, -0.11510999999999999, -0.1007, -0.08016000000000001, -0.05343, -0.02061, 0.01804, 0.06205, 0.11075, 0.16328, 0.21861, 0.27558, 0.33293, 0.3893, 0.44333999999999996, 0.49368, 0.539, 0.57805, 0.6097199999999999, 0.63307, 0.6473800000000001, 0.6522100000000001, 0.6473800000000001, 0.63307, 0.6097199999999999, 0.57805, 0.539, 0.49368, 0.44333999999999996, 0.3893, 0.33293, 0.27558, 0.21861, 0.16327, 0.11075, 0.06205, 0.01804, -0.02061, -0.05343, -0.08016000000000001, -0.1007, -0.11510999999999999, -0.1236, -0.12647, -0.12409, -0.1169, -0.10538, -0.09004, -0.07138, -0.04989, -0.02607], [-0.0001, -0.02422, -0.046360000000000005, -0.0661, -0.08304, -0.09673999999999999, -0.10676, -0.1127, -0.11415, -0.11077999999999999, -0.1023, -0.08853, -0.06936, -0.04482, -0.015059999999999999, 0.01961, 0.05872, 0.10167000000000001, 0.14768, 0.19587000000000002, 0.24524, 0.29469, 0.3431, 0.3893, 0.43216000000000004, 0.47058, 0.50355, 0.5301899999999999, 0.54977, 0.56174, 0.56577, 0.56174, 0.54977, 0.5301899999999999, 0.50355, 0.47058, 0.43216000000000004, 0.3893, 0.3431, 0.29469, 0.24524, 0.19587000000000002, 0.14768, 0.10167000000000001, 0.05872, 0.01961, -0.015059999999999999, -0.04482, -0.06936, -0.08853, -0.1023, -0.11077999999999999, -0.11415, -0.1127, -0.10676, -0.09673999999999999, -0.08304, -0.0661, -0.046360000000000005, -0.02422], [0.00016999999999999999, -0.02229, -0.04269, -0.060660000000000006, -0.07586, -0.08792, -0.09648, -0.1012, -0.10178999999999999, -0.09801, -0.08967, -0.07667, -0.05902, -0.03683, -0.01031, 0.02019, 0.054220000000000004, 0.09122999999999999, 0.13054000000000002, 0.17140999999999998, 0.213, 0.2544, 0.29469, 0.33293, 0.36819, 0.39960999999999997, 0.42644, 0.448, 0.46376999999999996, 0.47338, 0.47661000000000003, 0.47338, 0.46376999999999996, 0.448, 0.42644, 0.39960999999999997, 0.36819, 0.33293, 0.29469, 0.2544, 0.213, 0.17140999999999998, 0.13054000000000002, 0.09122999999999999, 0.054220000000000004, 0.02019, -0.01031, -0.03683, -0.05902, -0.07667, -0.08967, -0.09801, -0.10178999999999999, -0.1012, -0.09648, -0.08792, -0.07586, -0.060660000000000006, -0.04269, -0.02229], [0.00041, -0.02037, -0.03902, -0.05524, -0.06873, -0.0792, -0.08635, -0.08995, -0.08978, -0.08569, -0.0776, -0.0655, -0.04949, -0.02976, -0.00658, 0.01968, 0.04857, 0.0796, 0.1122, 0.14575, 0.17959, 0.213, 0.24524, 0.27558, 0.30333000000000004, 0.32786, 0.34861, 0.36516, 0.37718, 0.38445999999999997, 0.3869, 0.38445999999999997, 0.37718, 0.36516, 0.34861, 0.32786, 0.30333000000000004, 0.27558, 0.24524, 0.213, 0.17959, 0.14575, 0.1122, 0.0796, 0.04857, 0.01968, -0.00658, -0.02976, -0.04949, -0.0655, -0.0776, -0.08569, -0.08978, -0.08995, -0.08635, -0.0792, -0.06873, -0.05524, -0.03902, -0.02037], [0.00059, -0.01852, -0.03547, -0.05, -0.061860000000000005, -0.07082000000000001, -0.07668, -0.07926, -0.07845, -0.07418, -0.06645, -0.05535, -0.04105, -0.023819999999999997, -0.004, 0.01803, 0.041839999999999995, 0.06699, 0.09302, 0.11944, 0.14575, 0.17140999999999998, 0.19587000000000002, 0.21861, 0.23913, 0.25701999999999997, 0.27193, 0.28365, 0.29205, 0.29709, 0.29875999999999997, 0.29709, 0.29205, 0.28365, 0.27193, 0.25701999999999997, 0.23913, 0.21861, 0.19587000000000002, 0.17140999999999998, 0.14575, 0.11944, 0.09302, 0.06699, 0.041839999999999995, 0.01803, -0.004, -0.023819999999999997, -0.04105, -0.05535, -0.06645, -0.07418, -0.07845, -0.07926, -0.07668, -0.07082000000000001, -0.061860000000000005, -0.05, -0.03547, -0.01852], [0.00066, -0.01685, -0.03216, -0.04508, -0.05541, -0.06299, -0.06769, -0.06941, -0.06809, -0.06377000000000001, -0.056510000000000005, -0.04649, -0.033960000000000004, -0.01923, -0.0027, 0.01523, 0.03413, 0.05363, 0.07337, 0.09302, 0.1122, 0.13054000000000002, 0.14768, 0.16328, 0.17702, 0.18869, 0.19814, 0.20534000000000002, 0.21034, 0.21325999999999998, 0.21422, 0.21325999999999998, 0.21034, 0.20534000000000002, 0.19814, 0.18869, 0.17702, 0.16327, 0.14768, 0.13054000000000002, 0.1122, 0.09302, 0.07337, 0.05363, 0.03413, 0.01523, -0.0027, -0.01923, -0.033960000000000004, -0.04649, -0.056510000000000005, -0.06377000000000001, -0.06809, -0.06941, -0.06769, -0.06299, -0.05541, -0.04508, -0.03216, -0.01685], [0.00059, -0.015380000000000001, -0.029160000000000002, -0.04059, -0.049530000000000005, -0.055889999999999995, -0.059579999999999994, -0.06059, -0.058929999999999996, -0.054689999999999996, -0.04802, -0.03915, -0.02839, -0.01611, -0.00275, 0.01126, 0.025519999999999998, 0.03973, 0.05363, 0.06699, 0.0796, 0.09122999999999999, 0.10167000000000001, 0.11075, 0.11832000000000001, 0.12435, 0.12885, 0.13196, 0.13387000000000002, 0.13485999999999998,