{
 "cells": [
  {
   "cell_type": "code",
   "execution_count": 1,
   "metadata": {
    "collapsed": true
   },
   "outputs": [],
   "source": [
    "import pandas as pd"
   ]
  },
  {
   "cell_type": "code",
   "execution_count": 2,
   "metadata": {
    "collapsed": false
   },
   "outputs": [
    {
     "data": {
      "text/html": [
       "<script>requirejs.config({paths: { 'plotly': ['https://cdn.plot.ly/plotly-latest.min']},});if(!window.Plotly) {{require(['plotly'],function(plotly) {window.Plotly=plotly;});}}</script>"
      ],
      "text/plain": [
       "<IPython.core.display.HTML object>"
      ]
     },
     "metadata": {},
     "output_type": "display_data"
    }
   ],
   "source": [
    "import plotly.plotly as py\n",
    "import plotly.offline as of\n",
    "import plotly.graph_objs as go\n",
    "of.init_notebook_mode(connected=True)"
   ]
  },
  {
   "cell_type": "code",
   "execution_count": 3,
   "metadata": {
    "collapsed": true
   },
   "outputs": [],
   "source": [
    "import plotly.tools as tls\n",
    "tls.set_credentials_file(username='Nikita1988', api_key='TZXSpGC7ttUxdqqzYsep')"
   ]
  },
  {
   "cell_type": "code",
   "execution_count": 4,
   "metadata": {
    "collapsed": true
   },
   "outputs": [],
   "source": [
    "#input_file=r'C:\\Users\\User\\workspace_mars\\MFree\\phi.dat'\n",
    "input_file=r'..\\phi.dat'"
   ]
  },
  {
   "cell_type": "code",
   "execution_count": 5,
   "metadata": {
    "collapsed": false
   },
   "outputs": [],
   "source": [
    "#1x,'Node', 5x,'x', 7x,'y', 8x,'Phi', 6x,'dPhidx', &\n",
    "#        5x,'dPhidy', 4x, 'dPhidxx', 4x,'dPhidyy\n",
    "df=pd.read_fwf(input_file, widths=[5,8,8,12,12,11,11,10,10,10], skiprows=[1],na_values='-----', skipinitialspace =True)\n",
    "df=df.dropna()"
   ]
  },
  {
   "cell_type": "code",
   "execution_count": 6,
   "metadata": {
    "collapsed": false
   },
   "outputs": [
    {
     "data": {
      "text/html": [
       "<div>\n",
       "<table border=\"1\" class=\"dataframe\">\n",
       "  <thead>\n",
       "    <tr style=\"text-align: right;\">\n",
       "      <th></th>\n",
       "      <th>Node</th>\n",
       "      <th>x</th>\n",
       "      <th>y</th>\n",
       "      <th>Phi</th>\n",
       "      <th>dPhidx</th>\n",
       "      <th>dPhidy</th>\n",
       "      <th>dPhidxx</th>\n",
       "      <th>dPhidyy</th>\n",
       "      <th>GposX</th>\n",
       "      <th>GposY</th>\n",
       "    </tr>\n",
       "  </thead>\n",
       "  <tbody>\n",
       "    <tr>\n",
       "      <th>0</th>\n",
       "      <td>1.0</td>\n",
       "      <td>-1.000</td>\n",
       "      <td>-1.000</td>\n",
       "      <td>1.00000</td>\n",
       "      <td>-3.40959</td>\n",
       "      <td>-3.40959</td>\n",
       "      <td>6.19043</td>\n",
       "      <td>6.19043</td>\n",
       "      <td>-1.00000</td>\n",
       "      <td>-1.0</td>\n",
       "    </tr>\n",
       "    <tr>\n",
       "      <th>1</th>\n",
       "      <td>2.0</td>\n",
       "      <td>-1.000</td>\n",
       "      <td>-0.500</td>\n",
       "      <td>0.00000</td>\n",
       "      <td>0.68456</td>\n",
       "      <td>4.40497</td>\n",
       "      <td>-5.01191</td>\n",
       "      <td>-8.27137</td>\n",
       "      <td>-1.00000</td>\n",
       "      <td>-1.0</td>\n",
       "    </tr>\n",
       "    <tr>\n",
       "      <th>2</th>\n",
       "      <td>3.0</td>\n",
       "      <td>-1.000</td>\n",
       "      <td>0.000</td>\n",
       "      <td>0.00000</td>\n",
       "      <td>-0.69139</td>\n",
       "      <td>-1.64171</td>\n",
       "      <td>4.59527</td>\n",
       "      <td>4.99840</td>\n",
       "      <td>-1.00000</td>\n",
       "      <td>-1.0</td>\n",
       "    </tr>\n",
       "    <tr>\n",
       "      <th>3</th>\n",
       "      <td>4.0</td>\n",
       "      <td>-1.000</td>\n",
       "      <td>0.500</td>\n",
       "      <td>0.00000</td>\n",
       "      <td>0.40142</td>\n",
       "      <td>0.65270</td>\n",
       "      <td>-2.92225</td>\n",
       "      <td>-2.83921</td>\n",
       "      <td>-1.00000</td>\n",
       "      <td>-1.0</td>\n",
       "    </tr>\n",
       "    <tr>\n",
       "      <th>4</th>\n",
       "      <td>5.0</td>\n",
       "      <td>-1.000</td>\n",
       "      <td>1.000</td>\n",
       "      <td>0.00000</td>\n",
       "      <td>-0.46188</td>\n",
       "      <td>-0.22161</td>\n",
       "      <td>3.44534</td>\n",
       "      <td>1.42850</td>\n",
       "      <td>-1.00000</td>\n",
       "      <td>-1.0</td>\n",
       "    </tr>\n",
       "  </tbody>\n",
       "</table>\n",
       "</div>"
      ],
      "text/plain": [
       "   Node       x       y      Phi    dPhidx    dPhidy   dPhidxx   dPhidyy  \\\n",
       "0   1.0  -1.000  -1.000  1.00000  -3.40959  -3.40959   6.19043   6.19043   \n",
       "1   2.0  -1.000  -0.500  0.00000   0.68456   4.40497  -5.01191  -8.27137   \n",
       "2   3.0  -1.000   0.000  0.00000  -0.69139  -1.64171   4.59527   4.99840   \n",
       "3   4.0  -1.000   0.500  0.00000   0.40142   0.65270  -2.92225  -2.83921   \n",
       "4   5.0  -1.000   1.000  0.00000  -0.46188  -0.22161   3.44534   1.42850   \n",
       "\n",
       "      GposX  GposY  \n",
       "0  -1.00000   -1.0  \n",
       "1  -1.00000   -1.0  \n",
       "2  -1.00000   -1.0  \n",
       "3  -1.00000   -1.0  \n",
       "4  -1.00000   -1.0  "
      ]
     },
     "execution_count": 6,
     "metadata": {},
     "output_type": "execute_result"
    }
   ],
   "source": [
    "df.head(5)"
   ]
  },
  {
   "cell_type": "code",
   "execution_count": 7,
   "metadata": {
    "collapsed": false
   },
   "outputs": [],
   "source": [
    "df.x=pd.to_numeric(df.x)\n",
    "df.y=pd.to_numeric(df.y)\n",
    "df.Phi=pd.to_numeric(df.Phi)\n",
    "df.GposX=pd.to_numeric(df.GposX)"
   ]
  },
  {
   "cell_type": "code",
   "execution_count": 8,
   "metadata": {
    "collapsed": true
   },
   "outputs": [],
   "source": [
    "z1=df[(df.Node==13) ]"
   ]
  },
  {
   "cell_type": "code",
   "execution_count": 9,
   "metadata": {
    "collapsed": false
   },
   "outputs": [],
   "source": [
    "z2=z1.pivot(index='GposY', columns='GposX', values='Phi')"
   ]
  },
  {
   "cell_type": "code",
   "execution_count": 17,
   "metadata": {
    "collapsed": false,
    "scrolled": false
   },
   "outputs": [
    {
     "data": {
      "text/html": [
       "<div id=\"2c32fa89-fe8f-4950-86f6-8581304cf4b6\" style=\"height: 800px; width: 800px;\" class=\"plotly-graph-div\"></div><script type=\"text/javascript\">require([\"plotly\"], function(Plotly) { window.PLOTLYENV=window.PLOTLYENV || {};window.PLOTLYENV.BASE_URL=\"https://plot.ly\";Plotly.newPlot(\"2c32fa89-fe8f-4950-86f6-8581304cf4b6\", [{\"type\": \"surface\", \"colorscale\": \"Virdis\", \"z\": [[0.0, -0.0033, -0.0057, -0.007259999999999999, -0.0081, -0.00831, -0.008029999999999999, -0.007370000000000001, -0.00644, -0.00536, -0.004229999999999999, -0.00313, -0.00212, -0.00126, -0.00055, 0.0, 0.00039, 0.00063, 0.0007, 0.00063, 0.00044, 0.00016999999999999999, -0.00011, -0.00036, -0.00054, -0.00061, -0.00056, -0.00043, -0.00023999999999999998, -7e-05, -0.0, -7e-05, -0.00023999999999999998, -0.00043, -0.00056, -0.00061, -0.00054, -0.00036, -0.00011, 0.00016999999999999999, 0.00044, 0.00063, 0.0007, 0.00063, 0.00039, -0.0, -0.00055, -0.00126, -0.00212, -0.00313, -0.004229999999999999, -0.00536, -0.00644, -0.007370000000000001, -0.008029999999999999, -0.00831, -0.0081, -0.007259999999999999, -0.0057, -0.0033], [-0.0033, -0.00715, -0.01006, -0.01211, -0.01341, -0.01408, -0.01426, -0.01407, -0.01365, -0.01312, -0.01261, -0.01222, -0.01201, -0.01206, -0.01238, -0.012980000000000002, -0.013869999999999999, -0.015030000000000002, -0.01645, -0.018090000000000002, -0.01991, -0.02181, -0.023719999999999998, -0.02554, -0.02719, -0.0286, -0.02972, -0.03053, -0.03105, -0.031330000000000004, -0.03141, -0.031330000000000004, -0.03105, -0.03053, -0.02972, -0.0286, -0.02719, -0.02554, -0.023719999999999998, -0.02181, -0.01991, -0.018090000000000002, -0.01645, -0.015030000000000002, -0.013869999999999999, -0.012980000000000002, -0.01238, -0.01206, -0.01201, -0.01222, -0.01261, -0.01312, -0.01365, -0.01407, -0.01426, -0.01408, -0.01341, -0.01211, -0.01006, -0.00715], [-0.0057, -0.01006, -0.01344, -0.01592, -0.01763, -0.018690000000000002, -0.01925, -0.01944, -0.019430000000000003, -0.01936, -0.01937, -0.01957, -0.020069999999999998, -0.02093, -0.0222, -0.02389, -0.026019999999999998, -0.028560000000000002, -0.03148, -0.03472, -0.0382, -0.04181, -0.04542, -0.0489, -0.05212000000000001, -0.054970000000000005, -0.05736, -0.05922, -0.06054, -0.06131, -0.061560000000000004, -0.06131, -0.06054, -0.05922, -0.05736, -0.054970000000000005, -0.05212000000000001, -0.0489, -0.04542, -0.04181, -0.0382, -0.03472, -0.03148, -0.028560000000000002, -0.026019999999999998, -0.02389, -0.0222, -0.02093, -0.020069999999999998, -0.01957, -0.01937, -0.01936, -0.019430000000000003, -0.01944, -0.01925, -0.018690000000000002, -0.01763, -0.01592, -0.01344, -0.01006], [-0.007259999999999999, -0.01211, -0.01592, -0.0188, -0.02086, -0.02224, -0.02309, -0.02359, -0.023880000000000002, -0.02416, -0.02456, -0.025230000000000002, -0.0263, -0.027860000000000003, -0.02997, -0.03267, -0.03595, -0.039810000000000005, -0.04419, -0.049, -0.05415, -0.05947, -0.06482, -0.07, -0.07486, -0.07922, -0.08294, -0.08591, -0.08807000000000001, -0.08937, -0.0898, -0.08937, -0.08807000000000001, -0.08591, -0.08294, -0.07922, -0.07486, -0.07, -0.06482, -0.05947, -0.05415, -0.049, -0.04419, -0.039810000000000005, -0.03595, -0.03267, -0.02997, -0.027860000000000003, -0.0263, -0.025230000000000002, -0.02456, -0.02416, -0.023880000000000002, -0.02359, -0.02309, -0.02224, -0.02086, -0.0188, -0.01592, -0.01211], [-0.0081, -0.01341, -0.01763, -0.02086, -0.023219999999999998, -0.02485, -0.02593, -0.026619999999999998, -0.027110000000000002, -0.0276, -0.02827, -0.02928, -0.030780000000000002, -0.032889999999999996, -0.0357, -0.03926, -0.04358, -0.048639999999999996, -0.05438, -0.0607, -0.06744, -0.07443999999999999, -0.0815, -0.08838, -0.09487000000000001, -0.10075, -0.10583, -0.10994000000000001, -0.11295, -0.11479, -0.11540999999999998, -0.11479, -0.11295, -0.10994000000000001, -0.10583, -0.10075, -0.09487000000000001, -0.08838, -0.0815, -0.07443999999999999, -0.06744, -0.0607, -0.05438, -0.048639999999999996, -0.04358, -0.03926, -0.0357, -0.032889999999999996, -0.030780000000000002, -0.02928, -0.02827, -0.0276, -0.027110000000000002, -0.026619999999999998, -0.02593, -0.02485, -0.023219999999999998, -0.02086, -0.01763, -0.01341], [-0.00831, -0.01408, -0.018690000000000002, -0.02224, -0.02485, -0.026680000000000002, -0.027889999999999998, -0.028689999999999997, -0.02928, -0.02986, -0.030639999999999997, -0.031830000000000004, -0.033589999999999995, -0.03608, -0.03942, -0.043660000000000004, -0.04885, -0.05495, -0.06189, -0.06956, -0.07778, -0.08635, -0.09502000000000001, -0.10353, -0.1116, -0.11896, -0.12536, -0.13058, -0.13444, -0.13681, -0.13760999999999998, -0.13681, -0.13444, -0.13058, -0.12536, -0.11896, -0.1116, -0.10353, -0.09502000000000001, -0.08635, -0.07778, -0.06956, -0.06189, -0.05495, -0.04885, -0.043660000000000004, -0.03942, -0.03608, -0.033589999999999995, -0.031830000000000004, -0.030639999999999997, -0.02986, -0.02928, -0.028689999999999997, -0.027889999999999998, -0.026680000000000002, -0.02485, -0.02224, -0.018690000000000002, -0.01408], [-0.008029999999999999, -0.01426, -0.01925, -0.02309, -0.02593, -0.027889999999999998, -0.02918, -0.03, -0.030560000000000004, -0.0311, -0.03186, -0.03305, -0.03489, -0.03755, -0.0412, -0.04591, -0.05173, -0.05865, -0.06658, -0.07539, -0.08489, -0.09484, -0.10496, -0.11494000000000001, -0.12445999999999999, -0.13319, -0.14084000000000002, -0.14711, -0.15177000000000002, -0.15464, -0.15561, -0.15464, -0.15177000000000002, -0.14711, -0.14084000000000002, -0.13319, -0.12445999999999999, -0.11494000000000001, -0.10496, -0.09484, -0.08489, -0.07539, -0.06658, -0.05865, -0.05173, -0.04591, -0.0412, -0.03755, -0.03489, -0.03305, -0.03186, -0.0311, -0.030560000000000004, -0.03, -0.02918, -0.027889999999999998, -0.02593, -0.02309, -0.01925, -0.01426], [-0.007370000000000001, -0.01407, -0.01944, -0.02359, -0.026619999999999998, -0.028689999999999997, -0.03, -0.03075, -0.03119, -0.031560000000000005, -0.032119999999999996, -0.03313, -0.034839999999999996, -0.03745, -0.04116, -0.04607, -0.05225, -0.0597, -0.06834, -0.07801, -0.08851, -0.09957, -0.11087999999999999, -0.1221, -0.13287000000000002, -0.14281, -0.15155, -0.15875, -0.16413, -0.16746, -0.16858, -0.16746, -0.16413, -0.15875, -0.15155, -0.14281, -0.13287000000000002, -0.1221, -0.11087999999999999, -0.09957, -0.08851, -0.07801, -0.06834, -0.0597, -0.05225, -0.04607, -0.04116, -0.03745, -0.034839999999999996, -0.03313, -0.032119999999999996, -0.031560000000000005, -0.03119, -0.03075, -0.03, -0.028689999999999997, -0.026619999999999998, -0.02359, -0.01944, -0.01407], [-0.00644, -0.01365, -0.019430000000000003, -0.023880000000000002, -0.027110000000000002, -0.02928, -0.030560000000000004, -0.03119, -0.03141, -0.03148, -0.0317, -0.03234, -0.03368, -0.03599, -0.03946, -0.04427, -0.05049, -0.058129999999999994, -0.06711, -0.07728, -0.08841, -0.10023, -0.1124, -0.12454000000000001, -0.13626, -0.14715, -0.15678, -0.16476, -0.17075, -0.17446, -0.17572000000000002, -0.17446, -0.17075, -0.16476, -0.15678, -0.14715, -0.13626, -0.12454000000000001, -0.1124, -0.10023, -0.08841, -0.07728, -0.06711, -0.058129999999999994, -0.05049, -0.04427, -0.03946, -0.03599, -0.03368, -0.03234, -0.0317, -0.03148, -0.03141, -0.03119, -0.030560000000000004, -0.02928, -0.027110000000000002, -0.023880000000000002, -0.019430000000000003, -0.01365], [-0.00536, -0.01312, -0.01936, -0.02416, -0.0276, -0.02986, -0.0311, -0.031560000000000005, -0.03148, -0.03115, -0.030860000000000002, -0.03094, -0.031689999999999996, -0.03341, -0.03635, -0.0407, -0.04657, -0.054, -0.0629, -0.07312, -0.08444, -0.09657, -0.10915, -0.1218, -0.13410999999999998, -0.14561, -0.15585, -0.16439, -0.17082999999999998, -0.17482999999999999, -0.17619, -0.17482999999999999, -0.17082999999999998, -0.16439, -0.15585, -0.14561, -0.13410999999999998, -0.1218, -0.10915, -0.09657, -0.08444, -0.07312, -0.0629, -0.054, -0.04657, -0.0407, -0.03635, -0.03341, -0.031689999999999996, -0.03094, -0.030860000000000002, -0.03115, -0.03148, -0.031560000000000005, -0.0311, -0.02986, -0.0276, -0.02416, -0.01936, -0.01312], [-0.004229999999999999, -0.01261, -0.01937, -0.02456, -0.02827, -0.030639999999999997, -0.03186, -0.032119999999999996, -0.0317, -0.030860000000000002, -0.029939999999999998, -0.029269999999999997, -0.029189999999999997, -0.03003, -0.032080000000000004, -0.0356, -0.0407, -0.04745, -0.055779999999999996, -0.06554, -0.07651000000000001, -0.0884, -0.10086, -0.1135, -0.12591, -0.1376, -0.1481, -0.15692, -0.16360999999999998, -0.1678, -0.16922, -0.1678, -0.16360999999999998, -0.15692, -0.1481, -0.1376, -0.12591, -0.1135, -0.10086, -0.0884, -0.07651000000000001, -0.06554, -0.055779999999999996, -0.04745, -0.0407, -0.0356, -0.032080000000000004, -0.03003, -0.029189999999999997, -0.029269999999999997, -0.029939999999999998, -0.030860000000000002, -0.0317, -0.032119999999999996, -0.03186, -0.030639999999999997, -0.02827, -0.02456, -0.01937, -0.01261], [-0.00313, -0.01222, -0.01957, -0.025230000000000002, -0.02928, -0.031830000000000004, -0.03305, -0.03313, -0.03234, -0.03094, -0.029269999999999997, -0.02767, -0.02652, -0.026189999999999998, -0.02702, -0.02928, -0.03315, -0.03871, -0.04591, -0.05461, -0.0646, -0.07561, -0.0873, -0.09933, -0.11125, -0.12262, -0.13294, -0.14169, -0.1484, -0.15262, -0.15406, -0.15262, -0.1484, -0.14169, -0.13294, -0.12262, -0.11125, -0.09933, -0.0873, -0.07561, -0.0646, -0.05461, -0.04591, -0.03871, -0.03315, -0.02928, -0.02702, -0.026189999999999998, -0.02652, -0.02767, -0.029269999999999997, -0.03094, -0.03234, -0.03313, -0.03305, -0.031830000000000004, -0.02928, -0.025230000000000002, -0.01957, -0.01222], [-0.00212, -0.01201, -0.020069999999999998, -0.0263, -0.030780000000000002, -0.033589999999999995, -0.03489, -0.034839999999999996, -0.03368, -0.031689999999999996, -0.029189999999999997, -0.02652, -0.0241, -0.02231, -0.02154, -0.022119999999999997, -0.02427, -0.02808, -0.033530000000000004, -0.0405, -0.0488, -0.05819, -0.06838999999999999, -0.07906, -0.08983, -0.10026, -0.10987000000000001, -0.11814000000000001, -0.12455, -0.12862, -0.13003, -0.12862, -0.12455, -0.11814000000000001, -0.10987000000000001, -0.10026, -0.08983, -0.07906, -0.06838999999999999, -0.05819, -0.0488, -0.0405, -0.033530000000000004, -0.02808, -0.02427, -0.022119999999999997, -0.02154, -0.02231, -0.0241, -0.02652, -0.029189999999999997, -0.031689999999999996, -0.03368, -0.034839999999999996, -0.03489, -0.033589999999999995, -0.030780000000000002, -0.0263, -0.020069999999999998, -0.01201], [-0.00126, -0.01206, -0.02093, -0.027860000000000003, -0.032889999999999996, -0.03608, -0.03755, -0.03745, -0.03599, -0.03341, -0.03003, -0.026189999999999998, -0.02231, -0.01879, -0.01608, -0.01454, -0.01445, -0.01593, -0.01896, -0.023459999999999998, -0.02928, -0.036239999999999994, -0.04411, -0.052629999999999996, -0.06147999999999999, -0.07026, -0.07852999999999999, -0.0858, -0.09155, -0.09527000000000001, -0.09656, -0.09527000000000001, -0.09155, -0.0858, -0.07852999999999999, -0.07026, -0.06147999999999999, -0.052629999999999996, -0.04411, -0.036239999999999994, -0.02928, -0.023459999999999998, -0.01896, -0.01593, -0.01445, -0.01454, -0.01608, -0.01879, -0.02231, -0.026189999999999998, -0.03003, -0.03341, -0.03599, -0.03745, -0.03755, -0.03608, -0.032889999999999996, -0.027860000000000003, -0.02093, -0.01206], [-0.00055, -0.01238, -0.0222, -0.02997, -0.0357, -0.03942, -0.0412, -0.04116, -0.03946, -0.03635, -0.032080000000000004, -0.02702, -0.02154, -0.01608, -0.011090000000000001, -0.00702, -0.0041600000000000005, -0.00268, -0.0025800000000000003, -0.0038200000000000005, -0.00632, -0.00997, -0.01463, -0.02012, -0.026180000000000002, -0.03252, -0.03876, -0.04445, -0.049089999999999995, -0.05217, -0.053270000000000005, -0.05217, -0.049089999999999995, -0.04445, -0.03876, -0.03252, -0.026180000000000002, -0.02012, -0.01463, -0.00997, -0.00632, -0.0038200000000000005, -0.0025800000000000003, -0.00268, -0.0041600000000000005, -0.00702, -0.011090000000000001, -0.01608, -0.02154, -0.02702, -0.032080000000000004, -0.03635, -0.03946, -0.04116, -0.0412, -0.03942, -0.0357, -0.02997, -0.0222, -0.01238], [0.0, -0.012980000000000002, -0.02389, -0.03267, -0.03926, -0.043660000000000004, -0.04591, -0.04607, -0.04427, -0.0407, -0.0356, -0.02928, -0.022119999999999997, -0.01454, -0.00702, 0.0, 0.00614, 0.01123, 0.01521, 0.01804, 0.01973, 0.02029, 0.01976, 0.01823, 0.01583, 0.01277, 0.009340000000000001, 0.0059, 0.00288, 0.0007700000000000001, 0.0, 0.0007700000000000001, 0.00288, 0.0059, 0.009340000000000001, 0.01277, 0.01583, 0.01823, 0.01976, 0.02029, 0.01973, 0.01804, 0.01521, 0.01123, 0.00614, -0.0, -0.00702, -0.01454, -0.022119999999999997, -0.02928, -0.0356, -0.0407, -0.04427, -0.04607, -0.04591, -0.043660000000000004, -0.03926, -0.03267, -0.02389, -0.012980000000000002], [0.00039, -0.013869999999999999, -0.026019999999999998, -0.03595, -0.04358, -0.04885, -0.05173, -0.05225, -0.05049, -0.04657, -0.0407, -0.03315, -0.02427, -0.01445, -0.0041600000000000005, 0.00614, 0.01608, 0.0254, 0.03398, 0.04168, 0.04842, 0.05409, 0.05861, 0.06195, 0.06411, 0.06518, 0.06532, 0.06481, 0.06398, 0.06323, 0.06292, 0.06323, 0.06398, 0.06481, 0.06532, 0.06518, 0.06411, 0.06195, 0.05861, 0.05409, 0.04842, 0.04168, 0.03398, 0.0254, 0.01608, 0.00614, -0.0041600000000000005, -0.01445, -0.02427, -0.03315, -0.0407, -0.04657, -0.05049, -0.05225, -0.05173, -0.04885, -0.04358, -0.03595, -0.026019999999999998, -0.013869999999999999], [0.00063, -0.015030000000000002, -0.028560000000000002, -0.039810000000000005, -0.048639999999999996, -0.05495, -0.05865, -0.0597, -0.058129999999999994, -0.054, -0.04745, -0.03871, -0.02808, -0.01593, -0.00268, 0.01123, 0.0254, 0.03953, 0.053360000000000005, 0.06669, 0.07927000000000001, 0.09087999999999999, 0.10132000000000001, 0.11039000000000002, 0.11795, 0.12394000000000001, 0.1284, 0.13145, 0.1333, 0.13424, 0.13452, 0.13424, 0.1333, 0.13145, 0.1284, 0.12394000000000001, 0.11795, 0.11039000000000002, 0.10132000000000001, 0.09087999999999999, 0.07927000000000001, 0.06669, 0.053360000000000005, 0.03953, 0.0254, 0.01123, -0.00268, -0.01593, -0.02808, -0.03871, -0.04745, -0.054, -0.058129999999999994, -0.0597, -0.05865, -0.05495, -0.048639999999999996, -0.039810000000000005, -0.028560000000000002, -0.015030000000000002], [0.0007, -0.01645, -0.03148, -0.04419, -0.05438, -0.06189, -0.06658, -0.06834, -0.06711, -0.0629, -0.055779999999999996, -0.04591, -0.033530000000000004, -0.01896, -0.0025800000000000003, 0.01521, 0.03398, 0.053360000000000005, 0.07302, 0.09258999999999999, 0.11170999999999999, 0.13001, 0.14712, 0.16268, 0.17639000000000002, 0.18802, 0.19743, 0.20457999999999998, 0.20953000000000002, 0.21241999999999997, 0.21336, 0.21241999999999997, 0.20953000000000002, 0.20457999999999998, 0.19743, 0.18802, 0.17639000000000002, 0.16268, 0.14712, 0.13001, 0.11170999999999999, 0.09258999999999999, 0.07302, 0.053360000000000005, 0.03398, 0.01521, -0.0025800000000000003, -0.01896, -0.033530000000000004, -0.04591, -0.055779999999999996, -0.0629, -0.06711, -0.06834, -0.06658, -0.06189, -0.05438, -0.04419, -0.03148, -0.01645], [0.00063, -0.018090000000000002, -0.03472, -0.049, -0.0607, -0.06956, -0.07539, -0.07801, -0.07728, -0.07312, -0.06554, -0.05461, -0.0405, -0.023459999999999998, -0.0038200000000000005, 0.01804, 0.04168, 0.06669, 0.09258999999999999, 0.1189, 0.14513, 0.17072, 0.19512000000000002, 0.21781, 0.23829, 0.25613, 0.27101, 0.28269, 0.29105, 0.29606, 0.29773, 0.29606, 0.29105, 0.28269, 0.27101, 0.25613, 0.23829, 0.21781, 0.19512000000000002, 0.17072, 0.14513, 0.1189, 0.09258999999999999, 0.06669, 0.04168, 0.01804, -0.0038200000000000005, -0.023459999999999998, -0.0405, -0.05461, -0.06554, -0.07312, -0.07728, -0.07801, -0.07539, -0.06956, -0.0607, -0.049, -0.03472, -0.018090000000000002], [0.00044, -0.01991, -0.0382, -0.05415, -0.06744, -0.07778, -0.08489, -0.08851, -0.08841, -0.08444, -0.07651000000000001, -0.0646, -0.0488, -0.02928, -0.00632, 0.01973, 0.04842, 0.07927000000000001, 0.11170999999999999, 0.14513, 0.17885, 0.21216999999999997, 0.24433000000000002, 0.27462, 0.30232, 0.32681, 0.34753, 0.36404000000000003, 0.37603000000000003, 0.3833, 0.38574, 0.3833, 0.37603000000000003, 0.36404000000000003, 0.34753, 0.32681, 0.30232, 0.27462, 0.24433000000000002, 0.21216999999999997, 0.17885, 0.14513, 0.11170999999999999, 0.07927000000000001, 0.04842, 0.01973, -0.00632, -0.02928, -0.0488, -0.0646, -0.07651000000000001, -0.08444, -0.08841, -0.08851, -0.08489, -0.07778, -0.06744, -0.05415, -0.0382, -0.01991], [0.00016999999999999999, -0.02181, -0.04181, -0.05947, -0.07443999999999999, -0.08635, -0.09484, -0.09957, -0.10023, -0.09657, -0.0884, -0.07561, -0.05819, -0.036239999999999994, -0.00997, 0.02029, 0.05409, 0.09087999999999999, 0.13001, 0.17072, 0.21216999999999997, 0.25346, 0.29366, 0.33183, 0.36704000000000003, 0.39843, 0.42523, 0.44677, 0.46253, 0.47213999999999995, 0.47536999999999996, 0.47213999999999995, 0.46253, 0.44677, 0.42523, 0.39843, 0.36704000000000003, 0.33183, 0.29366, 0.25346, 0.21216999999999997, 0.17072, 0.13001, 0.09087999999999999, 0.05409, 0.02029, -0.00997, -0.036239999999999994, -0.05819, -0.07561, -0.0884, -0.09657, -0.10023, -0.09957, -0.09484, -0.08635, -0.07443999999999999, -0.05947, -0.04181, -0.02181], [-0.00011, -0.023719999999999998, -0.04542, -0.06482, -0.0815, -0.09502000000000001, -0.10496, -0.11087999999999999, -0.1124, -0.10915, -0.10086, -0.0873, -0.06838999999999999, -0.04411, -0.01463, 0.01976, 0.05861, 0.10132000000000001, 0.14712, 0.19512000000000002, 0.24433000000000002, 0.29366, 0.34197, 0.38811, 0.43091999999999997, 0.46931000000000006, 0.50227, 0.52892, 0.5485, 0.56048, 0.5645100000000001, 0.56048, 0.5485, 0.52892, 0.50227, 0.46931000000000006, 0.43091999999999997, 0.38811, 0.34197, 0.29366, 0.24433000000000002, 0.19512000000000002, 0.14712, 0.10132000000000001, 0.05861, 0.01976, -0.01463, -0.04411, -0.06838999999999999, -0.0873, -0.10086, -0.10915, -0.1124, -0.11087999999999999, -0.10496, -0.09502000000000001, -0.0815, -0.06482, -0.04542, -0.023719999999999998], [-0.00036, -0.02554, -0.0489, -0.07, -0.08838, -0.10353, -0.11494000000000001, -0.1221, -0.12454000000000001, -0.1218, -0.1135, -0.09933, -0.07906, -0.052629999999999996, -0.02012, 0.01823, 0.06195, 0.11039000000000002, 0.16268, 0.21781, 0.27462, 0.33183, 0.38811, 0.44208000000000003, 0.49238999999999994, 0.5377, 0.57676, 0.60845, 0.6318199999999999, 0.64615, 0.65098, 0.64615, 0.6318199999999999, 0.60845, 0.57676, 0.5377, 0.49238999999999994, 0.44208000000000003, 0.38811, 0.33183, 0.27462, 0.21781, 0.16268, 0.11037999999999999, 0.06195, 0.01823, -0.02012, -0.052629999999999996, -0.07906, -0.09933, -0.1135, -0.12180999999999999, -0.12454000000000001, -0.1221, -0.11494000000000001, -0.10353, -0.08838, -0.07, -0.0489, -0.02554], [-0.00054, -0.02719, -0.05212000000000001, -0.07486, -0.09487000000000001, -0.1116, -0.12445999999999999, -0.13287000000000002, -0.13626, -0.13410999999999998, -0.12591, -0.11125, -0.08983, -0.06147999999999999, -0.026180000000000002, 0.01583, 0.06411, 0.11795, 0.17639000000000002, 0.23829, 0.30232, 0.36704000000000003, 0.43091999999999997, 0.49238999999999994, 0.54987, 0.6018100000000001, 0.64674, 0.6833100000000001, 0.71036, 0.72697, 0.73258, 0.72697, 0.71036, 0.6833100000000001, 0.64674, 0.6018100000000001, 0.54987, 0.49238999999999994, 0.43091999999999997, 0.36704000000000003, 0.30232, 0.23829, 0.17639000000000002, 0.11795, 0.06411, 0.01583, -0.026180000000000002, -0.06147999999999999, -0.08983, -0.11125, -0.12591, -0.13410999999999998, -0.13626, -0.13287000000000002, -0.12445999999999999, -0.1116, -0.09487000000000001, -0.07486, -0.05212000000000001, -0.02719], [-0.00061, -0.0286, -0.054970000000000005, -0.07922, -0.10075, -0.11896, -0.13319, -0.14281, -0.14715, -0.14561, -0.1376, -0.12262, -0.10026, -0.07026, -0.03252, 0.01277, 0.06518, 0.12394000000000001, 0.18802, 0.25613, 0.32681, 0.39843, 0.46931000000000006, 0.5377, 0.6018100000000001, 0.65991, 0.71032, 0.75145, 0.78195, 0.80073, 0.80707, 0.80073, 0.78195, 0.75145, 0.71032, 0.65991, 0.6018100000000001, 0.5377, 0.46931000000000006, 0.39843, 0.32681, 0.25613, 0.18802, 0.12394000000000001, 0.06518, 0.01277, -0.03252, -0.07026, -0.10026, -0.12262, -0.1376, -0.14561, -0.14715, -0.14281, -0.13319, -0.11896, -0.10075, -0.07922, -0.054970000000000005, -0.0286], [-0.00056, -0.02972, -0.05736, -0.08294, -0.10583, -0.12536, -0.14084000000000002, -0.15155, -0.15678, -0.15585, -0.1481, -0.13294, -0.10987000000000001, -0.07852999999999999, -0.03876, 0.009340000000000001, 0.06532, 0.1284, 0.19743, 0.27101, 0.34753, 0.42523, 0.50227, 0.57676, 0.64674, 0.71032, 0.76561, 0.81085, 0.84449, 0.86524, 0.87225, 0.86524, 0.84449, 0.81085, 0.76561, 0.71032, 0.64674, 0.57676, 0.50227, 0.42523, 0.34753, 0.27101, 0.19743, 0.1284, 0.06532, 0.009340000000000001, -0.03876, -0.07852999999999999, -0.10987000000000001, -0.13294, -0.1481, -0.15585, -0.15678, -0.15155, -0.14084000000000002, -0.12536, -0.10583, -0.08294, -0.05736, -0.02972], [-0.00043, -0.03053, -0.05922, -0.08591, -0.10994000000000001, -0.13058, -0.14711, -0.15875, -0.16476, -0.16439, -0.15692, -0.14169, -0.11814000000000001, -0.0858, -0.04445, 0.0059, 0.06481, 0.13145, 0.20457999999999998, 0.28269, 0.36404000000000003, 0.44677, 0.52892, 0.60845, 0.6833100000000001, 0.75145, 0.81085, 0.85959, 0.8959299999999999, 0.9183899999999999, 0.926, 0.9183899999999999, 0.8959299999999999, 0.85959, 0.81085, 0.75145, 0.6833100000000001, 0.60845, 0.52892, 0.44677, 0.36404000000000003, 0.28269, 0.20457999999999998, 0.13145, 0.06481, 0.0059, -0.04445, -0.0858, -0.11814000000000001, -0.14169, -0.15692, -0.16439, -0.16476, -0.15875, -0.14711, -0.13058, -0.10994000000000001, -0.08591, -0.05922, -0.03053], [-0.00023999999999999998, -0.03105, -0.06054, -0.08807000000000001, -0.11295, -0.13444, -0.15177000000000002, -0.16413, -0.17075, -0.17082999999999998, -0.16360999999999998, -0.1484, -0.12455, -0.09155, -0.049089999999999995, 0.00288, 0.06398, 0.1333, 0.20953000000000002, 0.29105, 0.37603000000000003, 0.46253, 0.5485, 0.6318199999999999, 0.71036, 0.78195, 0.84449, 0.8959299999999999, 0.93437, 0.9582200000000001, 0.96631, 0.9582200000000001, 0.93437, 0.8959299999999999, 0.84449, 0.78195, 0.71036, 0.6318199999999999, 0.5485, 0.46253, 0.37603000000000003, 0.29105, 0.20953000000000002, 0.1333, 0.06398, 0.00288, -0.049089999999999995, -0.09155, -0.12455, -0.1484, -0.16360999999999998, -0.17082999999999998, -0.17075, -0.16413, -0.15177000000000002, -0.13444, -0.11295, -0.08807000000000001, -0.06054, -0.03105], [-7e-05, -0.031330000000000004, -0.06131, -0.08937, -0.11479, -0.13681, -0.15464, -0.16746, -0.17446, -0.17482999999999999, -0.1678, -0.15262, -0.12862, -0.09527000000000001, -0.05217, 0.0007700000000000001, 0.06323, 0.13424, 0.21241999999999997, 0.29606, 0.3833, 0.47213999999999995, 0.56048, 0.64615, 0.72697, 0.80073, 0.86524, 0.9183899999999999, 0.9582200000000001, 0.983, 0.9914299999999999, 0.983, 0.9582200000000001, 0.9183899999999999, 0.86524, 0.80073, 0.72697, 0.64615, 0.56048, 0.47213999999999995, 0.3833, 0.29606, 0.21241999999999997, 0.13424, 0.06323, 0.0007700000000000001, -0.05217, -0.09527000000000001, -0.12862, -0.15262, -0.1678, -0.17482999999999999, -0.17446, -0.16746, -0.15464, -0.13681, -0.11479, -0.08937, -0.06131, -0.031330000000000004], [-0.0, -0.03141, -0.061560000000000004, -0.0898, -0.11540999999999998, -0.13760999999999998, -0.15561, -0.16858, -0.17572000000000002, -0.17619, -0.16922, -0.15406, -0.13003, -0.09656, -0.053270000000000005, 0.0, 0.06292, 0.13452, 0.21336, 0.29773, 0.38574, 0.47536999999999996, 0.5645100000000001, 0.65098, 0.73258, 0.80707, 0.87225, 0.926, 0.96631, 0.9914299999999999, 1.0, 0.9914299999999999, 0.96631, 0.926, 0.87225, 0.80707, 0.73258, 0.65098, 0.5645100000000001, 0.47536999999999996, 0.38574, 0.29773, 0.21336, 0.13452, 0.06292, -0.0, -0.053270000000000005, -0.09656, -0.13003, -0.15406, -0.16922, -0.17619, -0.17572000000000002, -0.16858, -0.15561, -0.13760999999999998, -0.11540999999999998, -0.0898, -0.061560000000000004, -0.03141], [-7e-05, -0.031330000000000004, -0.06131, -0.08937, -0.11479, -0.13681, -0.15464, -0.16746, -0.17446, -0.17482999999999999, -0.1678, -0.15262, -0.12862, -0.09527000000000001, -0.05217, 0.0007700000000000001, 0.06323, 0.13424, 0.21241999999999997, 0.29606, 0.3833, 0.47213999999999995, 0.56048, 0.64615, 0.72697, 0.80073, 0.86524, 0.9183899999999999, 0.9582200000000001, 0.983, 0.9914299999999999, 0.983, 0.9582200000000001, 0.9183899999999999, 0.86524, 0.80073, 0.72697, 0.64615, 0.56048, 0.47213999999999995, 0.3833, 0.29606, 0.21241999999999997, 0.13424, 0.06323, 0.0007700000000000001, -0.05217, -0.09527000000000001, -0.12862, -0.15262, -0.1678, -0.17482999999999999, -0.17446, -0.16746, -0.15464, -0.13681, -0.11479, -0.08937, -0.06131, -0.031330000000000004], [-0.00023999999999999998, -0.03105, -0.06054, -0.08807000000000001, -0.11295, -0.13444, -0.15177000000000002, -0.16413, -0.17075, -0.17082999999999998, -0.16360999999999998, -0.1484, -0.12455, -0.09155, -0.049089999999999995, 0.00288, 0.06398, 0.1333, 0.20953000000000002, 0.29105, 0.37603000000000003, 0.46253, 0.5485, 0.6318199999999999, 0.71036, 0.78195, 0.84449, 0.8959299999999999, 0.93437, 0.9582200000000001, 0.96631, 0.9582200000000001, 0.93437, 0.89592, 0.84449, 0.78195, 0.71036, 0.6318199999999999, 0.5485, 0.46253, 0.37603000000000003, 0.29105, 0.20953000000000002, 0.1333, 0.06398, 0.00288, -0.049089999999999995, -0.09155, -0.12455, -0.1484, -0.16360999999999998, -0.17082999999999998, -0.17075, -0.16413, -0.15177000000000002, -0.13444, -0.11295, -0.08807000000000001, -0.06054, -0.03105], [-0.00043, -0.03053, -0.05922, -0.08591, -0.10994000000000001, -0.13058, -0.14711, -0.15875, -0.16476, -0.16439, -0.15692, -0.14169, -0.11814000000000001, -0.0858, -0.04445, 0.0059, 0.06481, 0.13145, 0.20457999999999998, 0.28269, 0.36404000000000003, 0.44677, 0.52892, 0.60845, 0.6833100000000001, 0.75145, 0.81085, 0.85959, 0.8959299999999999, 0.9183899999999999, 0.926, 0.9183899999999999, 0.89592, 0.85959, 0.81085, 0.75145, 0.6833100000000001, 0.60845, 0.52892, 0.44677, 0.36404000000000003, 0.28269, 0.20457999999999998, 0.13145, 0.06481, 0.0059, -0.04445, -0.0858, -0.11814000000000001, -0.14169, -0.15692, -0.16439, -0.16476, -0.15875, -0.14711, -0.13058, -0.10994000000000001, -0.08591, -0.05922, -0.03053], [-0.00056, -0.02972, -0.05736, -0.08294, -0.10583, -0.12536, -0.14084000000000002, -0.15155, -0.15678, -0.15585, -0.1481, -0.13294, -0.10987000000000001, -0.07852999999999999, -0.03876, 0.009340000000000001, 0.06532, 0.1284, 0.19743, 0.27101, 0.34753, 0.42523, 0.50227, 0.57676, 0.64674, 0.71032, 0.76561, 0.81085, 0.84449, 0.86524, 0.87225, 0.86524, 0.84449, 0.81085, 0.76561, 0.71032, 0.64674, 0.57676, 0.50227, 0.42523, 0.34753, 0.27101, 0.19743, 0.1284, 0.06532, 0.009340000000000001, -0.03876, -0.07852999999999999, -0.10987000000000001, -0.13294, -0.1481, -0.15585, -0.15678, -0.15155, -0.14084000000000002, -0.12536, -0.10583, -0.08294, -0.05736, -0.02972], [-0.00061, -0.0286, -0.054970000000000005, -0.07922, -0.10075, -0.11896, -0.13319, -0.14281, -0.14715, -0.14561, -0.1376, -0.12262, -0.10026, -0.07026, -0.03252, 0.01277, 0.06518, 0.12394000000000001, 0.18802, 0.25613, 0.32681, 0.39843, 0.46931000000000006, 0.5377, 0.6018100000000001, 0.65991, 0.71032, 0.75145, 0.78195, 0.80073, 0.80707, 0.80073, 0.78195, 0.75145, 0.71032, 0.65991, 0.6018100000000001, 0.5377, 0.46931000000000006, 0.39843, 0.32681, 0.25613, 0.18802, 0.12394000000000001, 0.06518, 0.01277, -0.03252, -0.07026, -0.10026, -0.12262, -0.1376, -0.14561, -0.14715, -0.14281, -0.13319, -0.11896, -0.10075, -0.07922, -0.054970000000000005, -0.0286], [-0.00054, -0.02719, -0.05212000000000001, -0.07486, -0.09487000000000001, -0.1116, -0.12445999999999999, -0.13287000000000002, -0.13626, -0.13410999999999998, -0.12591, -0.11125, -0.08983, -0.06147999999999999, -0.026180000000000002, 0.01583, 0.06411, 0.11795, 0.17639000000000002, 0.23829, 0.30232, 0.36704000000000003, 0.43091999999999997, 0.49238999999999994, 0.54987, 0.6018100000000001, 0.64674, 0.6833100000000001, 0.71036, 0.72697, 0.73258, 0.72697, 0.71036, 0.6833100000000001, 0.64674, 0.6018100000000001, 0.54987, 0.49238999999999994, 0.43091999999999997, 0.36704000000000003, 0.30232, 0.23829, 0.17639000000000002, 0.11795, 0.06411, 0.01583, -0.026180000000000002, -0.06147999999999999, -0.08983, -0.11125, -0.12591, -0.13410999999999998, -0.13626, -0.13287000000000002, -0.12445999999999999, -0.1116, -0.09487000000000001, -0.07486, -0.05212000000000001, -0.02719], [-0.00036, -0.02554, -0.0489, -0.07, -0.08838, -0.10353, -0.11494000000000001, -0.1221, -0.12454000000000001, -0.1218, -0.1135, -0.09933, -0.07906, -0.052629999999999996, -0.02012, 0.01823, 0.06195, 0.11039000000000002, 0.16268, 0.21781, 0.27462, 0.33183, 0.38811, 0.44208000000000003, 0.49238999999999994, 0.5377, 0.57676, 0.60845, 0.6318199999999999, 0.64615, 0.65098, 0.64615, 0.6318199999999999, 0.60845, 0.57676, 0.5377, 0.49238999999999994, 0.44208000000000003, 0.38811, 0.33183, 0.27462, 0.21781, 0.16268, 0.11037999999999999, 0.06195, 0.01823, -0.02012, -0.052629999999999996, -0.07906, -0.09933, -0.1135, -0.1218, -0.12454000000000001, -0.1221, -0.11494000000000001, -0.10353, -0.08838, -0.07, -0.0489, -0.02554], [-0.00011, -0.023719999999999998, -0.04542, -0.06482, -0.0815, -0.09502000000000001, -0.10496, -0.11087999999999999, -0.1124, -0.10915, -0.10086, -0.0873, -0.06838999999999999, -0.04411, -0.01463, 0.01976, 0.05861, 0.10132000000000001, 0.14712, 0.19512000000000002, 0.24433000000000002, 0.29366, 0.34197, 0.38811, 0.43091999999999997, 0.46931000000000006, 0.50227, 0.52892, 0.5485, 0.56048, 0.5645100000000001, 0.56048, 0.5485, 0.52892, 0.50227, 0.46931000000000006, 0.43091999999999997, 0.38811, 0.34197, 0.29366, 0.24433000000000002, 0.19512000000000002, 0.14712, 0.10132000000000001, 0.05861, 0.01976, -0.01463, -0.04411, -0.06838999999999999, -0.0873, -0.10086, -0.10915, -0.1124, -0.11087999999999999, -0.10496, -0.09502000000000001, -0.0815, -0.06482, -0.04542, -0.023719999999999998], [0.00016999999999999999, -0.02181, -0.04181, -0.05947, -0.07443999999999999, -0.08635, -0.09484, -0.09957, -0.10023, -0.09657, -0.0884, -0.07561, -0.05819, -0.036239999999999994, -0.00997, 0.02029, 0.05409, 0.09087999999999999, 0.13001, 0.17072, 0.21216999999999997, 0.25346, 0.29366, 0.33183, 0.36704000000000003, 0.39843, 0.42523, 0.44677, 0.46253, 0.47213999999999995, 0.47536999999999996, 0.47213999999999995, 0.46253, 0.44677, 0.42523, 0.39843, 0.36704000000000003, 0.33183, 0.29366, 0.25346, 0.21216999999999997, 0.17072, 0.13001, 0.09087999999999999, 0.05409, 0.02029, -0.00997, -0.036239999999999994, -0.05819, -0.07561, -0.0884, -0.09657, -0.10023, -0.09957, -0.09484, -0.08635, -0.07443999999999999, -0.05947, -0.04181, -0.02181], [0.00044, -0.01991, -0.0382, -0.05415, -0.06744, -0.07778, -0.08489, -0.08851, -0.08841, -0.08444, -0.07651000000000001, -0.0646, -0.0488, -0.02928, -0.00632, 0.01973, 0.04842, 0.07927000000000001, 0.11170999999999999, 0.14513, 0.17885, 0.21216999999999997, 0.24433000000000002, 0.27462, 0.30232, 0.32681, 0.34753, 0.36404000000000003, 0.37603000000000003, 0.3833, 0.38574, 0.3833, 0.37603000000000003, 0.36404000000000003, 0.34753, 0.32681, 0.30232, 0.27462, 0.24433000000000002, 0.21216999999999997, 0.17885, 0.14513, 0.11170999999999999, 0.07927000000000001, 0.04842, 0.01973, -0.00632, -0.02928, -0.0488, -0.0646, -0.07651000000000001, -0.08444, -0.08841, -0.08851, -0.08489, -0.07778, -0.06744, -0.05415, -0.0382, -0.01991], [0.00063, -0.018090000000000002, -0.03472, -0.049, -0.0607, -0.06956, -0.07539, -0.07801, -0.07728, -0.07312, -0.06554, -0.05461, -0.0405, -0.023459999999999998, -0.0038200000000000005, 0.01804, 0.04168, 0.06669, 0.09258999999999999, 0.1189, 0.14513, 0.17072, 0.19512000000000002, 0.21781, 0.23829, 0.25613, 0.27101, 0.28269, 0.29105, 0.29606, 0.29773, 0.29606, 0.29105, 0.28269, 0.27101, 0.25613, 0.23829, 0.21781, 0.19512000000000002, 0.17072, 0.14513, 0.1189, 0.09258999999999999, 0.06669, 0.04168, 0.01804, -0.0038200000000000005, -0.023459999999999998, -0.0405, -0.05461, -0.06554, -0.07312, -0.07728, -0.07801, -0.07539, -0.06956, -0.0607, -0.049, -0.03472, -0.018090000000000002], [0.0007, -0.01645, -0.03148, -0.04419, -0.05438, -0.06189, -0.06658, -0.06834, -0.06711, -0.0629, -0.055779999999999996, -0.04591, -0.033530000000000004, -0.01896, -0.0025800000000000003, 0.01521, 0.03398, 0.053360000000000005, 0.07302, 0.09258999999999999, 0.11170999999999999, 0.13001, 0.14712, 0.16268, 0.17639000000000002, 0.18802, 0.19743, 0.20457999999999998, 0.20953000000000002, 0.21241999999999997, 0.21336, 0.21241999999999997, 0.20953000000000002, 0.20457999999999998, 0.19743, 0.18802, 0.17639000000000002, 0.16268, 0.14712, 0.13001, 0.11170999999999999, 0.09258999999999999, 0.07302, 0.053360000000000005, 0.03398, 0.01521, -0.0025800000000000003, -0.01896, -0.033530000000000004, -0.04591, -0.055779999999999996, -0.0629, -0.06711, -0.06834, -0.06658, -0.06189, -0.05438, -0.04419, -0.03148, -0.01645], [0.00063, -0.015030000000000002, -0.028560000000000002, -0.039810000000000005, -0.048639999999999996, -0.05495, -0.05865, -0.0597, -0.058129999999999994, -0.054, -0.04745, -0.03871, -0.02808, -0.01593, -0.00268, 0.01123, 0.0254, 0.03953, 0.053360000000000005, 0.06669, 0.07927000000000001, 0.09087999999999999, 0.10132000000000001, 0.11037999999999999, 0.11795, 0.12394000000000001, 0.1284, 0.13145, 0.1333, 0.13424, 0.13452, 0.13424, 0.1333, 0.13145, 0.1284, 0.12394000000000001, 0.11795, 0.11037999999999999